# fig1-pca2d-CLKhard
# 190
# x y
    4.3962    0.9220
    5.3947   -0.0111
    6.0990   -0.3867
    0.8113   -0.6973
    6.0220   -0.4824
    4.4006   -0.3072
    3.5421    0.0470
    5.0795   -0.7677
    3.6221   -2.1290
    4.3177    0.4572
    6.7566    1.5012
    2.5336    0.1673
    5.0846    0.5046
    2.1776   -0.8661
    8.0629    2.0477
    4.9564   -0.0025
    1.6882    0.0678
    5.2022    0.0237
    6.6196    1.3733
    2.5226   -0.9557
    2.3015    0.7532
    3.9265   -0.1894
    8.1514    1.1808
    7.0976    1.6153
    5.3902    0.2354
    4.5597    1.0362
    1.0712   -1.0361
    6.3093    1.5044
    1.9142   -1.2609
    2.4147    0.4452
    4.7064    1.1979
    4.0813    0.1624
    0.1138   -1.2481
    3.5666    0.2091
    5.1997    1.4017
    3.6754    0.8889
    4.4965   -0.1296
    1.8060   -0.0312
    5.8660    1.9514
    5.5681   -0.2227
    3.1148   -0.4187
    2.6313    0.3171
    5.9109    1.4229
    6.3848    1.6343
    5.3771    0.1698
    5.6073   -0.2811
    4.3893   -0.6844
    3.0015   -0.6432
    4.1659   -0.6845
    3.9459    0.7666
    2.6496    0.4546
    5.2166    0.9527
    4.3846    1.3029
    1.0699   -0.2503
    4.7039   -0.7064
    3.6760   -0.9677
    7.5272    1.3667
    5.6240    0.6439
    6.6016   -0.6872
    2.7299   -0.0648
    2.8305   -0.9250
    4.4914    0.1846
    2.8059    0.4079
   -1.1332   -0.3029
    5.5791    1.2399
    6.3152    1.9831
    7.5380    1.4888
    2.9007   -1.5290
    1.5660   -0.3245
    4.2586   -0.2575
    5.7960    1.4182
    5.2683    0.8731
    5.4133    0.0941
    6.7349    0.8746
    3.4277    0.0479
    8.6442    3.0389
    4.5408    0.6157
    0.7133   -0.0532
    1.9602   -2.2491
    5.2510   -0.6927
    4.2255    0.5798
    1.9924    0.2423
    2.2827   -2.5863
    2.5425    0.4986
    3.9320   -0.3960
    2.7625    0.6585
    4.9226    0.1351
    3.7602    0.3471
    2.2534    0.7091
    1.5482   -0.4602
    5.4585    0.6661
    3.8217   -0.8244
    4.8022    0.2548
    1.0317    0.6794
    4.3580    0.5736
    4.7687    0.4128
    3.6359    0.3260
    4.3111    1.0294
    3.6516   -0.1974
    6.4338    2.1295
    0.9183   -0.7125
    3.4539   -0.4765
    1.1379   -0.9598
    4.3368   -0.3185
    5.8840    0.1565
    3.7242   -1.2875
    5.3062   -0.0951
    5.7851    0.8833
    5.9861    0.2132
    3.6260   -0.5996
    0.9778    0.3088
    5.7396    1.1302
    5.7914    0.8755
    3.6222    0.9026
    7.1066   -1.7484
    5.7909   -0.2607
    6.1277    1.3268
    2.3453    0.0555
    4.8811    0.9372
    5.1136    0.6055
    7.7626   -0.3495
    3.2972    0.6376
    2.5910    0.0068
    3.2401    0.0379
    1.6910   -1.7308
    3.8757   -0.9837
    6.3977    0.2596
    4.8970    0.8032
    5.0110    0.6871
    7.9889    0.9138
    4.5495    0.7136
    3.4589   -0.6613
    5.8334   -0.0631
    3.4785    0.3247
    1.8918    0.5224
    2.6274   -0.7505
    3.6933   -1.0487
    4.8314    0.4004
    5.1934    1.3501
    3.8506   -0.3327
    1.9575    0.6771
    2.0652    0.1913
    5.0326    2.1180
    1.5704   -1.2227
    6.4052    0.8910
    5.1545    0.8722
    3.8010    0.0281
    7.1828   -0.1202
    6.4147    0.1669
    5.0747    0.4429
    3.4010   -0.1117
    3.2971    0.0853
    5.3593   -0.4232
   12.0023    2.2059
    6.3664    0.4437
    5.1321    0.4567
    4.4873    1.4284
    7.0967    0.9700
    5.2560    0.6886
    3.7875   -0.7042
    1.0121    0.6421
    6.7077    1.9165
    4.2190    0.5775
    4.4464    0.1082
    4.4720    0.7995
    1.9916    0.1561
    8.1021    1.6040
    1.4126   -1.3414
    5.2981    1.3348
    4.3909    0.1011
    5.3916    1.0229
    4.0829   -0.2572
    2.8968    0.4472
    4.7056    1.5581
    4.2573   -2.8505
    2.9173    0.3864
    6.3449    1.4031
    6.5147    0.8790
    4.3167   -0.7062
    1.3327   -0.3168
    5.7526    0.7206
    2.7145   -0.5493
    4.6230   -0.3358
    2.7078   -0.5090
    2.6304    0.3200
    6.5226   -0.9295
    5.2568    0.9503
    4.2795   -0.1698
    2.6490   -0.8184
    3.7944    0.6957
