# fig1-pca2d-random
# 190
# x y
   -1.3226    0.4179
   -2.6375    1.0481
   -1.0833   -0.1030
   -2.0136    0.7394
   -0.8989    0.5966
   -1.4282    0.8575
    1.1514   -0.1558
   -0.9031   -0.4792
   -2.3670    1.0702
   -0.8576    0.5058
   -1.9082    0.0244
    0.2363   -0.2258
   -0.7735    0.5254
   -1.6829    0.6347
   -1.8571   -0.4404
   -2.0172    1.3334
   -1.2425    0.2630
    0.2342    0.0763
   -1.8997    1.0383
   -0.6902    0.5444
   -1.8246    0.1936
    1.1014   -0.0392
    0.5666    1.0202
    0.2214    0.4721
   -1.3590   -0.4342
    0.3808   -0.0660
   -0.4227    0.5686
   -0.0157    1.2964
   -0.2832   -1.0721
   -1.9228    0.6459
   -0.7345    0.5460
    0.7102    0.3204
   -0.8475    0.9740
    0.8657   -0.0322
    0.0846    1.8717
    0.4250   -0.1876
   -1.5468   -0.0839
    0.8679   -0.3750
    0.9831    0.8587
   -1.1979    1.0298
   -0.9267    0.5107
   -1.5800    1.2325
   -2.2244    0.0914
    0.0926    0.5077
   -0.3606    0.5292
   -2.3864    0.9832
   -1.2618    0.5533
   -1.2094   -1.5997
   -1.3586    0.5173
   -1.2691    0.5890
    0.7212    0.2771
    0.1071    0.3587
    1.2914    0.8680
   -0.6474    1.8053
    0.7675    0.6387
   -2.0420    1.0352
   -1.9615    1.1451
   -1.4341    1.1464
   -1.9801    1.0223
   -0.8111   -0.0433
    0.7197   -0.2799
    0.8658    1.6277
   -0.3599    0.4584
    0.0227    0.1242
    1.5662    0.4752
   -1.0562   -0.0169
    1.2909    0.0950
   -0.7121    1.1988
   -0.5185   -0.0158
   -0.5220    0.2645
   -2.0029    0.6614
    0.1593   -0.4819
   -1.7379    0.8544
   -1.9451    0.3173
    1.0879    1.4918
   -0.2669   -0.2483
   -0.4083    0.9665
   -1.2288    1.6541
   -1.8849    0.2119
    0.6217    0.4659
    1.3172    0.1597
   -2.5138    0.7874
   -1.7455   -0.0717
    1.5832    0.8880
   -1.6026    0.3260
   -1.5141    0.0419
   -1.3492    0.6607
   -0.6648   -0.2028
   -0.1165    0.8745
   -1.8190    0.2758
    2.2931    0.8848
   -1.0430    0.4916
   -2.5910    1.1082
    1.3959    0.7051
   -1.7322    0.3990
    0.4727    1.9870
   -1.4230   -0.1504
    0.7771    0.1340
   -1.3171    1.1549
   -0.9072    0.3860
   -1.2724   -0.1434
   -0.4772    1.1195
   -0.8974    0.2811
   -0.4330   -0.1785
   -0.0819    0.6599
   -2.0342    1.6208
   -0.1056    1.3486
   -1.2667   -0.0369
    0.3162   -0.3768
    0.4613    0.8705
    0.9485    1.8083
   -1.8146    0.5353
    0.4684    0.8067
   -1.4759    0.7866
    0.7880    0.4934
   -0.1589    0.9382
   -0.3169    1.6885
   -0.1553    1.1043
   -2.6320   -0.0594
   -2.2479    0.6048
   -1.4478    0.1302
    1.1200    0.7376
    0.5639    0.9109
   -1.7978    0.3912
   -1.0081    0.0492
   -1.3193   -0.1536
   -2.0115   -0.5051
    0.0055   -0.5387
   -1.5420    0.4316
    0.5273   -0.0940
   -0.8571    0.3555
   -1.0537    0.5364
   -1.0176   -0.7115
   -1.4192    1.1546
    0.7787    0.8544
    0.2985    0.7938
   -1.0117    1.0008
   -1.7581    0.3112
    1.0031    0.3945
    0.7677    0.5700
    1.0986   -0.1357
   -0.4742    0.3225
   -1.4672    0.4116
    0.1811    1.2838
    0.6083    0.6170
   -1.9991    0.1614
   -2.7772    1.6532
   -1.2438    0.9347
   -0.9258    0.2743
   -1.8964    0.3545
    0.8187    1.2236
   -0.0119   -0.4013
    0.4137    0.1248
   -0.8418   -0.2150
   -2.2299    0.2938
   -1.2247    0.2297
    0.2752    0.1306
    1.2569    0.1338
   -0.8256   -0.4562
   -1.8810    0.5862
   -2.1478    1.4290
   -2.2197    1.2110
   -0.3766   -0.3791
   -1.8182   -0.3226
   -0.3309    0.8288
   -1.1463   -1.2418
   -1.1080    1.2188
   -1.0595    1.8780
    0.1279    1.0859
   -0.4658    0.2843
   -1.4023    0.4512
    0.2722    1.3357
   -1.1232    0.4422
   -1.5756    0.0648
   -1.4675    1.4993
    0.0436    0.6401
   -0.0503   -0.4588
   -1.5815    0.1975
    3.9845    1.5217
   -0.9477    0.0962
   -2.1130    0.8890
   -1.8285    0.2321
   -0.9046   -1.0252
   -1.9503    0.9697
   -2.5421    0.2985
   -1.6562    0.8953
   -1.7682    0.4253
   -1.6594    0.0337
   -1.8602    0.0248
   -0.5944    1.4539
