# fig1-pca2d-hardCLK-easyLKCC
# 190
# x y
    2.5625   -0.6101
    2.8439    0.8981
    2.5178   -0.2858
    0.9440    0.5544
    2.2208   -0.5282
    7.0920    0.6935
    2.6429   -1.3468
    0.4723    0.0623
    2.6893    1.1833
    3.8470    0.3703
    1.1544   -2.8422
    1.2744   -0.8163
    1.6184    0.4974
    1.2009    0.7343
    0.7315    0.3479
    1.2274    0.2824
    2.9443    0.4413
    2.4230   -0.0730
    0.9278   -0.8707
    1.8559   -0.8792
    2.4985    1.0156
    0.7474    0.1813
    1.9852   -0.4807
    0.9912    0.9542
    2.2834   -0.8179
    1.3960    0.6460
    1.8355    0.4611
    1.4568   -0.3757
    4.1347    1.5848
    5.3370   -0.0540
    2.5429    0.6198
    4.5217    1.0150
    2.3293    0.7680
    2.6610   -0.8273
    1.5322    0.3580
    1.5915   -0.0549
    1.0420   -0.8219
   -0.3698   -1.7076
    1.6535    0.3197
   -0.1470   -0.4500
    0.9210   -0.3960
    4.5475    1.0235
    5.4056    0.0093
    0.8192    0.5256
    1.2276    0.3768
    3.1136   -0.5296
   -0.6976    0.4430
    2.7059    0.5407
    2.7713   -0.1024
    5.8807    2.2309
    4.0524    1.1201
    1.3952    0.9167
    2.6670    0.7199
    1.2351   -0.9912
    4.0740    0.0653
    2.5273    0.5801
    4.6287    0.8125
    2.2698    0.0868
    0.7496    0.1712
    1.9097    1.2116
    3.5966   -0.8241
    0.7007    0.5507
    1.9483   -0.0916
    1.3100    0.0442
    2.9896    0.2493
    1.6322   -0.1399
    2.8965   -0.7265
    0.6399    0.4934
    1.0943    0.7429
    2.7764   -0.7430
    2.4764   -0.8345
    4.1988    1.2270
    0.3972    0.2845
    1.4073   -1.3187
    3.2683    0.3271
    4.5981   -0.2079
   -1.4859   -0.1349
    1.6163    0.4075
    2.0329   -0.4051
    0.2121    0.3751
    3.9200    1.0221
    1.6267   -0.0467
    0.4539   -0.2330
    4.4957   -0.7707
    2.0496   -1.2839
    0.7712   -0.8814
    1.0506   -0.2935
    2.5889   -1.0822
    1.4190   -0.8630
    1.9762    0.3939
    3.1029    1.1738
    0.0275   -0.9108
    3.1093    1.5255
    1.9511    0.7794
    1.5759    1.0878
    1.8094   -0.6541
    1.3842    1.0373
    1.5204   -0.1365
   -0.9769    0.5602
    0.1348   -0.6950
    0.1745   -0.2410
    4.0086    1.2148
    1.6176    0.5778
    2.6969    0.3079
    1.2884   -1.1113
    1.2703   -0.1544
    0.5077    0.5193
    1.9588    0.3881
    2.0241    0.3304
    1.8107    0.2544
    1.3138    0.1811
    2.9014    0.0159
    1.8535    0.0517
    4.7504    1.3345
    1.1182    1.3736
    0.8525    0.8269
    3.6548   -0.6180
    1.8734    0.6953
    1.8969    1.9976
    1.1006   -0.1255
    2.5771   -0.4324
    2.7744    1.0632
    2.1824   -0.0645
    4.4201    0.3918
    2.8307   -1.5219
    2.3635    0.2243
    1.3352   -0.1148
    1.6739   -1.0983
    2.4814   -0.0154
    3.8207    0.6473
    2.2083   -1.0563
    3.1398    0.5746
    3.4109    0.3196
    2.0422    0.4059
    2.5867    1.1501
    0.2113    0.0514
   -0.6890   -0.1866
   -0.8147   -0.1623
    4.1148    0.3695
    1.3240    1.6767
    2.3267   -0.8163
    0.9057   -1.2173
    2.3016    1.2137
    0.6560   -1.2005
    2.1847    0.0864
    5.4282    0.4709
   -1.0330   -1.2929
    1.7435   -0.1348
    2.4467    0.2478
    2.7232    0.1889
    2.3730   -1.5808
    3.7481    0.9663
    1.6036   -1.0197
    0.4413   -0.0053
    1.1358   -1.5290
    4.9447    0.2356
    2.0181    0.0542
    1.6131   -0.0198
    0.5475    1.0145
    3.2746   -0.3046
    3.8993    1.3511
    1.7486   -0.7268
    2.9597   -0.5405
    3.5567    0.1614
    1.6166   -0.6244
    0.6962   -0.1787
    1.8001   -0.2337
    2.8118   -0.7892
    3.3664    0.0594
    0.1063    0.2506
    4.9208    1.1265
    0.2603    1.1265
    4.1033    0.1706
    2.9687    0.3757
    3.9049    2.0538
   -0.8609    0.2648
    5.9313    1.3500
    3.9172    0.9862
    1.1053    1.0575
    4.3715    0.2430
    3.9990    1.6606
    1.9742    0.9899
    2.3524    0.8601
    3.3904    0.5227
    4.7297    0.6731
    4.2370    1.3894
    3.2446    1.2933
    0.8408    1.2652
    4.2865    0.5496
    2.8439    0.8981
