# fig1-pca2d-LKCCeasy
# 190
# x y
   -1.4426    1.3306
   -2.3743    1.2849
    0.1025    1.6827
   -0.6767    1.3752
    0.5713   -0.5954
   -1.1586    0.9919
    0.0883    1.6148
   -1.3585    0.0163
   -1.2418    0.5582
   -1.1192    1.2725
   -2.2909    1.3338
   -1.9542    0.5238
   -1.3348    0.4525
    0.5981    0.5107
   -0.3120    1.1062
   -0.7988    1.0941
    0.2170    0.7397
    1.3235    1.0539
   -1.8619    0.2339
    0.3554   -0.2096
   -2.1725    0.4907
    0.1446    0.9971
   -0.9799    1.8276
   -1.9309    1.1695
   -0.3538    0.1554
   -0.5807    0.6290
   -2.4395    1.1937
   -1.9491    1.2174
   -1.7559    2.1993
   -0.5705    1.2684
   -0.8831    0.2561
   -2.6204    1.2825
   -1.8697    0.7887
   -1.2546    0.4478
    0.5707    0.7761
   -2.6632    0.5866
    1.4308    0.7086
   -0.1251    1.1864
   -2.2859    1.9417
   -1.5461    0.0212
   -1.4452    1.2245
   -0.8620    1.0974
   -2.6017    1.0551
   -2.3778    2.0383
   -1.6779    0.1223
   -1.9951    0.7854
   -0.8027    0.7545
   -2.2394    0.4351
    0.5696    1.5524
   -1.2865   -0.5487
   -0.0181    1.1743
   -2.0139    0.4022
   -0.0476    1.8327
   -0.2263    2.1420
   -1.0443   -1.5389
   -0.8293   -0.1206
   -1.6722   -0.3152
   -0.9744    1.6254
    0.2871    1.4417
   -1.0599    1.2449
    1.5804    1.4296
    0.3868    1.0979
    2.8241    2.0734
   -2.2131    1.1576
    0.6024    1.5766
   -1.8530    0.7616
   -2.1191   -0.0558
   -0.7266   -1.1102
    0.3582    0.9645
    0.0384   -0.7735
   -2.6934    0.6855
   -2.1596    1.5412
    1.0579    1.0078
   -0.9494    1.7208
    1.4659    1.3145
   -1.5566    0.2812
   -1.8169    0.5670
    0.0743    0.5504
   -0.6897    0.6228
   -1.6734    0.3614
   -1.3960    1.9389
   -1.6742    1.4143
    0.5733    0.6964
   -1.4674    1.1134
   -1.6692    1.5059
   -1.5375    0.6185
   -0.5334    1.3264
   -2.5548    2.1300
   -0.9335    0.8346
   -0.4620    1.4227
   -0.5846    0.9565
   -1.6052    0.6260
   -1.2734    1.4506
   -2.1713    1.2783
   -2.0621    0.3983
    0.1079   -0.8476
   -2.4287    1.0655
   -1.2602    0.7937
   -1.7222    0.5196
    0.6555    0.2579
    1.2741    1.2909
    0.7187    0.6397
    0.7281    0.5494
   -0.9544    0.1239
   -0.1063    0.6763
   -1.4444    0.5140
   -1.4841    0.0453
   -1.1840    0.4013
   -0.7141   -0.0621
    0.1482    1.6406
   -1.0482    1.1959
   -2.2074    0.8390
   -1.3262    0.9954
   -1.2703    1.2547
   -2.0212    0.0021
   -1.6660    1.0392
   -2.7937    1.0319
    0.4269    0.7661
    1.7269    1.0437
   -0.4268    0.6394
   -2.0708    0.4894
    0.1254   -0.2938
    0.1994    0.4916
   -1.3608    0.6229
    0.7964    1.1675
   -0.3587    0.0922
    0.4410   -0.1562
   -0.6695    0.9054
   -0.9673   -0.4565
   -0.7804   -0.4494
   -1.6433    1.0248
    0.0709   -0.0265
   -1.2405    0.4937
   -1.5592    0.7125
   -0.7937    0.5769
   -2.7321    1.2961
   -1.3462   -1.0844
   -0.2840    1.5615
   -1.7354    0.4959
   -0.8975    2.0595
   -0.2522    0.9495
   -1.6459    0.8156
   -0.3610   -1.0754
   -2.5590    0.7218
    1.5598    0.8576
    0.4098   -0.2874
   -0.2017    0.2339
    0.0993   -0.1797
    0.8694    1.0563
    1.5540    0.5561
   -1.7975    0.4531
    0.6896    0.8026
   -1.4637    0.5062
    0.0263    1.4082
   -1.1510    1.5670
   -1.3224    1.2882
   -0.1021    0.1297
   -1.4753    0.4033
   -1.0918   -0.0608
    0.2069    0.5537
   -1.1731    0.5879
   -2.1626    0.7219
   -0.9827    1.7536
   -1.9261    1.3054
   -0.7245   -0.4568
   -0.4246    0.6437
    0.0682    2.0497
   -1.2384    1.2402
    2.9462    2.1264
   -0.5057    0.2905
   -0.8986    0.9050
    0.4276    1.8545
   -1.5701    1.2304
   -2.0685    0.9925
   -0.9284    1.3133
   -1.9865    0.5805
   -0.8623    0.9964
    1.8531    0.8993
    0.4341    0.9665
    0.2421    0.4590
   -0.2706   -0.2922
    1.5257    0.9062
   -2.3915    1.0521
   -0.4899    1.6234
   -1.9707    0.3961
   -1.3780   -0.0600
   -0.3361    0.9551
    0.3308    1.6486
   -2.4491    1.2026
    0.5078    0.7100
