#
# 190
# x y
   -1.1655   -1.1054
   -2.3850   -0.8368
   -1.7270   -0.2717
   -1.7954   -1.4541
   -0.1762   -1.3527
   -0.9668   -2.4210
   -1.1045   -0.3918
   -1.2337   -1.5194
   -1.8558   -0.6223
   -1.0294   -2.6373
   -0.4598   -1.9420
   -1.8394   -0.8815
   -1.5185   -2.4545
   -0.6789   -1.0816
   -1.6915   -0.2134
   -0.6259   -2.9348
   -1.2134   -2.2129
   -2.0585   -1.6913
   -2.3051    0.2749
   -2.2378   -0.2654
   -1.8300   -1.8716
   -1.8407   -1.3580
   -2.2284   -0.7042
   -0.7164   -2.5494
   -2.7567   -0.3360
   -1.2850   -1.6546
   -1.6881   -1.8261
   -2.0731   -1.5142
   -1.1529   -1.2689
   -1.2345   -2.3476
   -0.9155   -1.1783
   -0.5788   -1.6894
   -1.0078   -0.8976
   -1.9615   -2.0305
   -2.3420   -1.2543
   -1.5088   -0.0753
   -0.0096   -1.2936
   -1.1814   -1.5816
   -2.0320   -1.3908
   -0.8857   -1.9228
   -1.5955   -0.8658
   -0.7990   -0.5834
   -1.1912    0.1649
   -2.6360   -1.0680
    0.1725   -1.9615
   -1.4312   -1.2697
   -0.9739    0.1281
   -1.8856   -0.2227
   -1.6009   -0.1068
   -1.7319   -1.5514
   -1.8581   -1.2328
   -2.2168   -0.5915
   -0.4538   -1.3760
   -2.0723   -0.9711
   -0.8617   -1.2256
   -2.4930   -1.0352
   -0.7453   -3.5675
   -1.5295   -0.3204
   -1.8932   -1.4493
   -2.2313   -0.2925
   -2.7199    0.1226
   -1.2586   -1.0871
   -1.9951   -1.1917
   -1.4063   -0.6572
   -2.6948   -0.4263
   -0.9045   -1.7304
   -2.4612   -1.0729
   -2.1500   -0.4528
   -1.0207   -1.7599
   -2.4337    0.7828
   -1.1334   -1.2904
   -1.3090   -1.4665
   -0.7522   -2.0426
   -1.8161   -1.0465
   -1.2797   -1.1841
   -0.2963   -0.3005
   -1.2282   -0.0842
   -1.0083   -2.4251
   -0.3334   -2.9564
   -1.1341   -1.5846
    0.5702   -1.0971
   -2.4430   -0.0533
   -1.7740   -1.6008
   -0.7587   -1.1116
   -2.2727    0.0244
   -2.2302   -1.1091
   -2.2415   -2.1120
   -0.9273   -0.8924
   -1.3281   -0.2241
   -1.7732   -0.6835
   -1.8234   -1.7177
   -0.8409   -2.6363
   -2.4833    1.0545
   -1.1512   -1.9642
   -1.5497   -0.9655
   -1.5570   -1.7954
   -1.9985    0.1145
   -2.2785   -0.0386
   -1.9843   -0.4815
   -0.0671   -2.1153
   -2.4455   -1.0390
   -2.3461   -1.2783
   -1.8291   -0.6763
   -1.9115   -2.5796
   -1.0068   -2.2136
   -1.8573   -0.8613
   -0.6038   -1.9736
   -1.4642   -1.2759
   -1.5819   -0.7878
   -0.6804   -1.4780
   -0.0888   -0.7908
   -1.2616   -2.0285
   -1.3999   -1.2706
   -1.0117   -1.8083
   -1.6138   -0.0264
   -1.6900   -1.6692
   -1.7132   -0.6977
   -0.0344   -0.8640
   -1.6470   -0.8702
   -1.2491   -1.0886
   -1.3136   -2.3535
   -1.5111   -0.0513
   -1.9267   -0.2557
   -2.8164   -0.3344
   -1.7841   -2.4708
   -2.1268   -1.1247
   -0.4477   -0.3716
   -3.0887   -2.3527
   -2.0412   -0.7931
   -2.5411    0.3117
   -1.5969   -0.8418
   -1.4189   -1.0181
   -1.2712   -1.0771
   -0.6384   -1.8694
   -0.8481   -1.4927
   -0.9493   -0.4630
   -1.0033   -2.2542
   -0.8961   -2.6154
   -2.3528   -0.3409
   -1.2694   -0.4189
   -1.6029   -1.1759
   -0.5839   -1.8987
   -2.4201   -1.2101
   -0.6388    0.1057
   -2.6260   -0.4608
   -2.0826   -1.6003
   -0.2773   -3.9367
   -1.1324   -1.2561
   -1.8664   -0.2470
   -0.8896   -1.6786
    0.2606   -3.9481
   -2.4043   -1.2996
   -0.6496    0.1042
   -1.8013   -0.8484
   -2.3230    0.1565
   -1.8705   -1.2841
   -2.3311   -0.3312
   -1.2187   -1.7233
   -1.8936   -1.1553
   -0.1247   -2.5607
   -1.3898   -2.2464
   -1.9063   -0.8531
   -1.2169   -1.3028
   -0.7405   -1.5228
    0.0613   -0.0566
   -1.7303   -2.6799
   -1.1898   -2.1507
   -0.4897   -1.5895
   -1.6152   -1.0144
   -1.3671   -0.5158
   -2.0010   -2.1023
   -1.9269   -1.5961
   -1.5270   -1.7109
   -1.2203   -0.3858
   -1.0663   -1.9731
   -0.3682   -3.2723
   -2.2097   -1.2768
   -1.6030   -1.1530
   -1.5152   -2.6314
   -0.9313   -0.6809
   -0.5015   -3.1061
   -1.2678   -0.0169
   -1.7056   -0.9164
   -0.5103   -2.6161
   -1.6228   -0.4166
   -1.7651   -1.7441
   -0.6337   -0.6272
   -1.4250   -1.3828
    0.0637   -1.0988
   -2.0409    0.0905
