
ans =

   -4.2473    1.8722
   -3.4515    2.3501
   -3.4095    0.9734
   -3.3974    2.1226
   -3.8789    1.5957
   -3.5942    2.1477
   -3.4481    1.1900
   -3.1466    2.3293
   -2.6711    0.7531
   -4.4005    2.3477
   -3.4980    1.0597
   -3.3265    1.5232
   -3.6356    1.5921
   -4.2012    1.8115
   -2.5563    1.5795
   -4.0267    2.1328
   -3.3882    1.5901
   -3.7890    1.9416
   -3.1153    2.2523
   -3.4168    1.3547
   -3.6876    1.2401
   -3.5886    1.8223
   -3.3523    0.3643
   -1.9679    2.2065
   -3.8532    1.4756
   -3.6802    1.8995
   -3.7280    2.1384
   -2.2325    0.4182
   -3.0413    2.1265
   -3.0130    2.2818
   -3.2465    0.2051
   -3.1445    1.9338
   -3.6755    1.6222
   -4.3075    2.3752
   -2.3137    0.9347
   -3.8164    2.2690
   -3.7784    1.7730
   -3.1921    1.5299
   -4.0054    1.8600
   -2.6954    1.1677
   -3.3999    1.1515
   -3.6136    0.0401
   -2.9487    1.7517
   -3.6996    1.7984
   -3.8878    1.3117
   -2.8878    0.1830
   -3.5630    1.6788
   -3.3697    1.9993
   -3.9083    2.4204
   -4.0340    2.0554
   -4.1778    2.0390
   -3.6884    1.8385
   -3.9280    1.9164
   -2.4009    0.8773
   -3.7525    1.4473
   -3.5289    2.4281
   -3.8702    1.6717
   -2.7767    1.5481
   -4.2537    1.8748
   -3.8712    1.6968
   -3.7499    1.2274
   -2.8698    2.1807
   -3.8166    1.3926
   -2.6800    1.6905
   -3.6128    1.4712
   -3.1677    1.1061
   -4.0558    2.3265
   -3.3022    1.9577
   -3.4420    1.3706
   -3.0960    1.0145
   -3.6410    0.9845
   -3.7463    1.9343
   -3.1444    1.4714
   -4.0130    1.3971
   -2.6231    1.1149
   -3.5725    1.8808
   -3.5036    1.9802
   -3.9824    1.7082
   -3.6277    1.3210
   -3.6921    1.7434
   -3.9883    2.4515
   -4.1869    2.1972
   -3.7859    2.0957
   -4.1518    2.1851
   -3.3939    2.3947
   -3.0372    1.8431
   -3.7464    2.1540
   -3.4567    1.7834
   -4.3131    2.3416
   -3.7708    2.3717
   -4.4855    1.9600
   -3.5362    1.8862
   -3.4027    1.5761
   -4.1266    2.6472
   -3.6300    2.0388
   -3.1233    2.0279
   -3.3911    1.9454
   -3.8155    2.6188
   -3.7799    0.8016
   -4.0601    2.3418
   -3.4282    1.9241
   -3.1748    1.5952
   -4.0036    1.4868
   -3.1658    1.5560
   -4.0315    1.0546
   -4.1728    2.5712
   -3.9332    1.8717
   -3.5911    1.1861
   -3.3494    1.3505
   -3.7813    1.7864
   -4.2107    2.5160
   -3.4538    0.9551
   -3.0330    1.3846
   -2.8292    0.9045
   -3.6550    1.8621
   -3.6842    2.2965
   -1.9108    0.7461
   -3.9402    1.2700
   -3.6594    2.6663
   -3.1658    2.3850
   -3.5246    2.3884
   -3.1509    1.1370
   -3.8083    2.1532
   -2.8854    1.2964
   -2.9359    1.2584
   -3.1645    1.6389
   -0.0835    1.6858
   -2.5789    1.0882
   -3.3110    0.5209
   -4.0660    1.3694
   -2.8398    1.0697
   -3.4445    2.2758
   -3.4634    1.8231
   -4.0403    2.3015
   -3.7976    1.9250
   -2.8413    1.8550
   -3.3254    2.2203
   -2.9120    1.5420
   -3.6390    1.9058
   -2.6390    1.9010
   -3.5847    1.9938
   -4.2119    1.4559
   -3.2567    1.9064
   -4.5618    1.8041
   -4.0307    1.6183
   -2.9363    0.7919
   -3.9906    1.7829
   -2.9751    1.3611
   -3.0367    0.7192
   -3.5918    2.2134
   -3.5292    1.2295
   -3.6987    2.2360
   -3.3742    2.1314
   -2.8804    0.2986
   -3.5199    1.5986
   -3.2862    1.0864
   -3.2091    1.5742
   -3.0957    1.4653
   -3.7094    0.8773
   -3.1064    2.2441
   -3.0760    1.1917
   -2.9328    2.0104
   -2.9706    1.4773
   -3.6869    2.2797
   -3.1452    1.6970
   -3.3768    1.4121
   -1.5132    0.0745
   -3.5000    1.5751
   -3.9139    1.6625
   -3.5958    2.2302
   -3.8563    1.6450
   -3.7935    1.9851
   -3.3870    0.8624
   -3.9462    2.1413
   -3.4383    0.9037
   -3.7241    1.4517
   -3.1475   -0.2536
   -4.3570    2.3961
   -3.5573    2.3384
   -4.2255    2.6677
   -2.5412    0.6881
   -2.1250    1.7630
   -3.3049    1.2416
   -3.9045    1.3009
   -3.3435    1.5290
   -3.7152    1.8830
   -3.4973    1.6122
   -3.1167    1.2156
   -3.8884    2.0389
   -3.9478    1.3014


ans =

    2.5625   -0.6101
    2.8439    0.8981
    2.5178   -0.2858
    0.9440    0.5544
    2.2208   -0.5282
    7.0920    0.6935
    2.6429   -1.3468
    0.4723    0.0623
    2.6893    1.1833
    3.8470    0.3703
    1.1544   -2.8422
    1.2744   -0.8163
    1.6184    0.4974
    1.2009    0.7343
    0.7315    0.3479
    1.2274    0.2824
    2.9443    0.4413
    2.4230   -0.0730
    0.9278   -0.8707
    1.8559   -0.8792
    2.4985    1.0156
    0.7474    0.1813
    1.9852   -0.4807
    0.9912    0.9542
    2.2834   -0.8179
    1.3960    0.6460
    1.8355    0.4611
    1.4568   -0.3757
    4.1347    1.5848
    5.3370   -0.0540
    2.5429    0.6198
    4.5217    1.0150
    2.3293    0.7680
    2.6610   -0.8273
    1.5322    0.3580
    1.5915   -0.0549
    1.0420   -0.8219
   -0.3698   -1.7076
    1.6535    0.3197
   -0.1470   -0.4500
    0.9210   -0.3960
    4.5475    1.0235
    5.4056    0.0093
    0.8192    0.5256
    1.2276    0.3768
    3.1136   -0.5296
   -0.6976    0.4430
    2.7059    0.5407
    2.7713   -0.1024
    5.8807    2.2309
    4.0524    1.1201
    1.3952    0.9167
    2.6670    0.7199
    1.2351   -0.9912
    4.0740    0.0653
    2.5273    0.5801
    4.6287    0.8125
    2.2698    0.0868
    0.7496    0.1712
    1.9097    1.2116
    3.5966   -0.8241
    0.7007    0.5507
    1.9483   -0.0916
    1.3100    0.0442
    2.9896    0.2493
    1.6322   -0.1399
    2.8965   -0.7265
    0.6399    0.4934
    1.0943    0.7429
    2.7764   -0.7430
    2.4764   -0.8345
    4.1988    1.2270
    0.3972    0.2845
    1.4073   -1.3187
    3.2683    0.3271
    4.5981   -0.2079
   -1.4859   -0.1349
    1.6163    0.4075
    2.0329   -0.4051
    0.2121    0.3751
    3.9200    1.0221
    1.6267   -0.0467
    0.4539   -0.2330
    4.4957   -0.7707
    2.0496   -1.2839
    0.7712   -0.8814
    1.0506   -0.2935
    2.5889   -1.0822
    1.4190   -0.8630
    1.9762    0.3939
    3.1029    1.1738
    0.0275   -0.9108
    3.1093    1.5255
    1.9511    0.7794
    1.5759    1.0878
    1.8094   -0.6541
    1.3842    1.0373
    1.5204   -0.1365
   -0.9769    0.5602
    0.1348   -0.6950
    0.1745   -0.2410
    4.0086    1.2148
    1.6176    0.5778
    2.6969    0.3079
    1.2884   -1.1113
    1.2703   -0.1544
    0.5077    0.5193
    1.9588    0.3881
    2.0241    0.3304
    1.8107    0.2544
    1.3138    0.1811
    2.9014    0.0159
    1.8535    0.0517
    4.7504    1.3345
    1.1182    1.3736
    0.8525    0.8269
    3.6548   -0.6180
    1.8734    0.6953
    1.8969    1.9976
    1.1006   -0.1255
    2.5771   -0.4324
    2.7744    1.0632
    2.1824   -0.0645
    4.4201    0.3918
    2.8307   -1.5219
    2.3635    0.2243
    1.3352   -0.1148
    1.6739   -1.0983
    2.4814   -0.0154
    3.8207    0.6473
    2.2083   -1.0563
    3.1398    0.5746
    3.4109    0.3196
    2.0422    0.4059
    2.5867    1.1501
    0.2113    0.0514
   -0.6890   -0.1866
   -0.8147   -0.1623
    4.1148    0.3695
    1.3240    1.6767
    2.3267   -0.8163
    0.9057   -1.2173
    2.3016    1.2137
    0.6560   -1.2005
    2.1847    0.0864
    5.4282    0.4709
   -1.0330   -1.2929
    1.7435   -0.1348
    2.4467    0.2478
    2.7232    0.1889
    2.3730   -1.5808
    3.7481    0.9663
    1.6036   -1.0197
    0.4413   -0.0053
    1.1358   -1.5290
    4.9447    0.2356
    2.0181    0.0542
    1.6131   -0.0198
    0.5475    1.0145
    3.2746   -0.3046
    3.8993    1.3511
    1.7486   -0.7268
    2.9597   -0.5405
    3.5567    0.1614
    1.6166   -0.6244
    0.6962   -0.1787
    1.8001   -0.2337
    2.8118   -0.7892
    3.3664    0.0594
    0.1063    0.2506
    4.9208    1.1265
    0.2603    1.1265
    4.1033    0.1706
    2.9687    0.3757
    3.9049    2.0538
   -0.8609    0.2648
    5.9313    1.3500
    3.9172    0.9862
    1.1053    1.0575
    4.3715    0.2430
    3.9990    1.6606
    1.9742    0.9899
    2.3524    0.8601
    3.3904    0.5227
    4.7297    0.6731
    4.2370    1.3894
    3.2446    1.2933
    0.8408    1.2652
    4.2865    0.5496
    2.8439    0.8981


ans =

    1.3444   -2.8555
   -0.3411   -2.4312
    1.4612   -1.1541
    0.5191   -1.0826
   -0.7434   -2.1637
    0.6813   -2.0268
   -1.2759   -1.0872
   -0.7936   -0.6980
    0.3261   -1.9047
    1.2871   -0.3539
   -0.5108   -0.8282
   -0.7723   -1.3573
   -0.7226   -2.7571
    0.5634   -1.4476
   -1.3496   -1.4136
   -0.7178   -1.2127
    1.1084   -2.1776
   -0.0786   -2.7030
    0.2947   -1.2362
   -1.1761   -1.3926
    0.5442   -0.7998
   -1.4725   -1.3331
   -1.4357   -1.8147
    1.1269   -1.5356
   -1.3629   -1.8788
   -0.3736   -1.1172
    1.9509   -3.1995
   -1.0018   -0.5200
   -0.4961   -3.4113
   -1.2763   -0.9381
   -1.3705   -0.6564
   -0.4851   -1.3682
    0.0837   -2.1286
    0.6999   -1.5745
    1.0815   -1.3733
    0.0259   -1.1109
   -0.3609   -1.2361
    0.1692   -1.1258
   -0.0123   -2.6300
   -0.2602   -0.8082
   -1.3973   -1.4147
    0.5636   -3.3097
    0.4660   -0.6125
    2.1027   -0.3816
   -0.0619   -1.9847
    0.6486   -0.3059
   -0.7381   -2.0005
   -0.2688   -1.5640
   -1.3731   -1.2322
   -1.9689   -0.3813
   -0.0275   -0.7521
   -0.3636   -1.9174
   -1.2033   -1.4549
    0.2859   -2.2476
   -0.0871   -2.9969
    1.0672   -0.9521
   -0.0949   -0.6884
   -0.6547   -0.5869
    2.0591   -0.6638
    1.9462   -0.8162
    0.3246   -1.6504
    2.4374   -1.5693
   -0.9980    0.0333
    1.4368   -0.7044
   -0.4945   -2.1203
   -1.0132   -2.2019
    0.8487   -0.6471
    0.9511   -1.7055
    1.2008   -2.7106
   -0.6051    0.0060
   -0.1165   -2.5949
    0.9723   -0.6597
    0.0308   -0.4632
   -1.4918   -1.5288
   -0.1837   -1.2179
    1.1754   -0.9312
   -0.1350   -1.4375
   -0.1881   -0.5745
   -1.3187   -0.8818
    1.3641   -0.9079
   -0.4395   -1.0879
   -0.2466   -1.3897
    0.6772   -1.7723
   -0.4618   -2.9858
   -0.4206   -0.8762
   -0.0831   -1.1083
   -1.0180   -1.3751
   -0.2615    0.2191
    2.3661   -0.2520
   -0.6647   -2.4144
    1.6485   -2.2662
    0.2099   -2.3555
   -0.1611   -1.8599
    0.9781   -1.2775
    1.5273   -0.9907
    0.1102   -0.8427
    1.8966   -1.6101
    1.2621   -2.3537
    0.9752   -2.0120
   -1.5322   -1.5885
   -1.3650   -0.1508
    2.0905    0.1797
    1.2701   -1.0117
   -0.2570   -1.1053
    0.3096   -1.6853
   -0.3543   -2.5676
   -1.0843   -1.7563
    0.4453   -1.0653
   -0.9529   -1.9437
    0.0968   -0.4353
   -0.6451   -2.0549
   -1.4736    0.4113
   -0.4263   -2.7749
    1.8687   -1.0685
   -0.1598   -2.0141
   -0.7423   -2.0051
   -0.7411   -0.7812
   -0.4743   -1.2984
   -0.3059   -0.3110
   -0.7013   -1.0238
    1.0673   -0.2991
   -0.8766   -1.2898
    1.0425    0.1698
    0.8426   -0.9083
   -0.4224   -1.5793
   -1.6645   -0.2551
    1.5914   -1.3798
   -0.0565   -0.3074
   -0.4005   -1.7153
    0.1890   -1.3936
    0.0265   -3.6217
   -1.3775   -2.5907
   -0.2194   -0.4677
    0.4873   -0.4780
    1.2933   -1.8110
   -0.1522   -1.4231
   -0.6426   -1.7773
   -0.8281   -1.5887
    1.6775   -1.2146
    1.8350   -0.7724
   -1.0078   -1.9823
   -0.2337   -1.4035
   -1.0234   -1.2288
    0.8785   -1.5001
    0.4710   -2.2169
   -0.5398   -0.1817
    0.0033   -1.8083
   -0.7862   -1.4877
   -0.2016   -2.4388
   -1.6134   -1.1392
    0.6097   -1.8470
    1.7387   -1.3327
    0.2103   -0.5534
   -0.4994   -1.6420
   -1.7514   -2.0835
   -0.9681   -0.3101
    1.2194   -1.1683
   -0.7559   -1.8621
   -0.0067   -2.5684
    0.3698   -3.0587
    0.0465   -1.8480
    1.0179   -1.7084
    0.8110   -0.4691
   -1.6819   -1.1131
    1.7965   -1.2396
   -0.1967   -1.3303
   -0.0152   -0.9921
   -0.3170   -0.9190
    0.9696    0.6680
   -0.2063   -1.5120
    0.1485   -0.4828
   -1.1291   -0.8453
   -0.9713   -1.1373
    1.5508   -1.0250
   -0.2937   -0.7785
    0.2370   -0.9050
    1.3500   -1.1951
    0.0485   -1.2850
    0.3289   -2.7445
   -1.1336   -2.6608
   -0.6845   -1.2104
    1.5637   -1.2298
   -0.3970   -2.5149
   -1.2519   -0.1347
    1.1670   -2.0969
   -0.3056   -2.2594
   -0.2177   -0.6489
   -1.5702   -0.8831
   -1.5380   -0.0785
   -0.7904   -0.3581


ans =

   -1.4426    1.3306
   -2.3743    1.2849
    0.1025    1.6827
   -0.6767    1.3752
    0.5713   -0.5954
   -1.1586    0.9919
    0.0883    1.6148
   -1.3585    0.0163
   -1.2418    0.5582
   -1.1192    1.2725
   -2.2909    1.3338
   -1.9542    0.5238
   -1.3348    0.4525
    0.5981    0.5107
   -0.3120    1.1062
   -0.7988    1.0941
    0.2170    0.7397
    1.3235    1.0539
   -1.8619    0.2339
    0.3554   -0.2096
   -2.1725    0.4907
    0.1446    0.9971
   -0.9799    1.8276
   -1.9309    1.1695
   -0.3538    0.1554
   -0.5807    0.6290
   -2.4395    1.1937
   -1.9491    1.2174
   -1.7559    2.1993
   -0.5705    1.2684
   -0.8831    0.2561
   -2.6204    1.2825
   -1.8697    0.7887
   -1.2546    0.4478
    0.5707    0.7761
   -2.6632    0.5866
    1.4308    0.7086
   -0.1251    1.1864
   -2.2859    1.9417
   -1.5461    0.0212
   -1.4452    1.2245
   -0.8620    1.0974
   -2.6017    1.0551
   -2.3778    2.0383
   -1.6779    0.1223
   -1.9951    0.7854
   -0.8027    0.7545
   -2.2394    0.4351
    0.5696    1.5524
   -1.2865   -0.5487
   -0.0181    1.1743
   -2.0139    0.4022
   -0.0476    1.8327
   -0.2263    2.1420
   -1.0443   -1.5389
   -0.8293   -0.1206
   -1.6722   -0.3152
   -0.9744    1.6254
    0.2871    1.4417
   -1.0599    1.2449
    1.5804    1.4296
    0.3868    1.0979
    2.8241    2.0734
   -2.2131    1.1576
    0.6024    1.5766
   -1.8530    0.7616
   -2.1191   -0.0558
   -0.7266   -1.1102
    0.3582    0.9645
    0.0384   -0.7735
   -2.6934    0.6855
   -2.1596    1.5412
    1.0579    1.0078
   -0.9494    1.7208
    1.4659    1.3145
   -1.5566    0.2812
   -1.8169    0.5670
    0.0743    0.5504
   -0.6897    0.6228
   -1.6734    0.3614
   -1.3960    1.9389
   -1.6742    1.4143
    0.5733    0.6964
   -1.4674    1.1134
   -1.6692    1.5059
   -1.5375    0.6185
   -0.5334    1.3264
   -2.5548    2.1300
   -0.9335    0.8346
   -0.4620    1.4227
   -0.5846    0.9565
   -1.6052    0.6260
   -1.2734    1.4506
   -2.1713    1.2783
   -2.0621    0.3983
    0.1079   -0.8476
   -2.4287    1.0655
   -1.2602    0.7937
   -1.7222    0.5196
    0.6555    0.2579
    1.2741    1.2909
    0.7187    0.6397
    0.7281    0.5494
   -0.9544    0.1239
   -0.1063    0.6763
   -1.4444    0.5140
   -1.4841    0.0453
   -1.1840    0.4013
   -0.7141   -0.0621
    0.1482    1.6406
   -1.0482    1.1959
   -2.2074    0.8390
   -1.3262    0.9954
   -1.2703    1.2547
   -2.0212    0.0021
   -1.6660    1.0392
   -2.7937    1.0319
    0.4269    0.7661
    1.7269    1.0437
   -0.4268    0.6394
   -2.0708    0.4894
    0.1254   -0.2938
    0.1994    0.4916
   -1.3608    0.6229
    0.7964    1.1675
   -0.3587    0.0922
    0.4410   -0.1562
   -0.6695    0.9054
   -0.9673   -0.4565
   -0.7804   -0.4494
   -1.6433    1.0248
    0.0709   -0.0265
   -1.2405    0.4937
   -1.5592    0.7125
   -0.7937    0.5769
   -2.7321    1.2961
   -1.3462   -1.0844
   -0.2840    1.5615
   -1.7354    0.4959
   -0.8975    2.0595
   -0.2522    0.9495
   -1.6459    0.8156
   -0.3610   -1.0754
   -2.5590    0.7218
    1.5598    0.8576
    0.4098   -0.2874
   -0.2017    0.2339
    0.0993   -0.1797
    0.8694    1.0563
    1.5540    0.5561
   -1.7975    0.4531
    0.6896    0.8026
   -1.4637    0.5062
    0.0263    1.4082
   -1.1510    1.5670
   -1.3224    1.2882
   -0.1021    0.1297
   -1.4753    0.4033
   -1.0918   -0.0608
    0.2069    0.5537
   -1.1731    0.5879
   -2.1626    0.7219
   -0.9827    1.7536
   -1.9261    1.3054
   -0.7245   -0.4568
   -0.4246    0.6437
    0.0682    2.0497
   -1.2384    1.2402
    2.9462    2.1264
   -0.5057    0.2905
   -0.8986    0.9050
    0.4276    1.8545
   -1.5701    1.2304
   -2.0685    0.9925
   -0.9284    1.3133
   -1.9865    0.5805
   -0.8623    0.9964
    1.8531    0.8993
    0.4341    0.9665
    0.2421    0.4590
   -0.2706   -0.2922
    1.5257    0.9062
   -2.3915    1.0521
   -0.4899    1.6234
   -1.9707    0.3961
   -1.3780   -0.0600
   -0.3361    0.9551
    0.3308    1.6486
   -2.4491    1.2026
    0.5078    0.7100


ans =

   -1.3226    0.4179
   -2.6375    1.0481
   -1.0833   -0.1030
   -2.0136    0.7394
   -0.8989    0.5966
   -1.4282    0.8575
    1.1514   -0.1558
   -0.9031   -0.4792
   -2.3670    1.0702
   -0.8576    0.5058
   -1.9082    0.0244
    0.2363   -0.2258
   -0.7735    0.5254
   -1.6829    0.6347
   -1.8571   -0.4404
   -2.0172    1.3334
   -1.2425    0.2630
    0.2342    0.0763
   -1.8997    1.0383
   -0.6902    0.5444
   -1.8246    0.1936
    1.1014   -0.0392
    0.5666    1.0202
    0.2214    0.4721
   -1.3590   -0.4342
    0.3808   -0.0660
   -0.4227    0.5686
   -0.0157    1.2964
   -0.2832   -1.0721
   -1.9228    0.6459
   -0.7345    0.5460
    0.7102    0.3204
   -0.8475    0.9740
    0.8657   -0.0322
    0.0846    1.8717
    0.4250   -0.1876
   -1.5468   -0.0839
    0.8679   -0.3750
    0.9831    0.8587
   -1.1979    1.0298
   -0.9267    0.5107
   -1.5800    1.2325
   -2.2244    0.0914
    0.0926    0.5077
   -0.3606    0.5292
   -2.3864    0.9832
   -1.2618    0.5533
   -1.2094   -1.5997
   -1.3586    0.5173
   -1.2691    0.5890
    0.7212    0.2771
    0.1071    0.3587
    1.2914    0.8680
   -0.6474    1.8053
    0.7675    0.6387
   -2.0420    1.0352
   -1.9615    1.1451
   -1.4341    1.1464
   -1.9801    1.0223
   -0.8111   -0.0433
    0.7197   -0.2799
    0.8658    1.6277
   -0.3599    0.4584
    0.0227    0.1242
    1.5662    0.4752
   -1.0562   -0.0169
    1.2909    0.0950
   -0.7121    1.1988
   -0.5185   -0.0158
   -0.5220    0.2645
   -2.0029    0.6614
    0.1593   -0.4819
   -1.7379    0.8544
   -1.9451    0.3173
    1.0879    1.4918
   -0.2669   -0.2483
   -0.4083    0.9665
   -1.2288    1.6541
   -1.8849    0.2119
    0.6217    0.4659
    1.3172    0.1597
   -2.5138    0.7874
   -1.7455   -0.0717
    1.5832    0.8880
   -1.6026    0.3260
   -1.5141    0.0419
   -1.3492    0.6607
   -0.6648   -0.2028
   -0.1165    0.8745
   -1.8190    0.2758
    2.2931    0.8848
   -1.0430    0.4916
   -2.5910    1.1082
    1.3959    0.7051
   -1.7322    0.3990
    0.4727    1.9870
   -1.4230   -0.1504
    0.7771    0.1340
   -1.3171    1.1549
   -0.9072    0.3860
   -1.2724   -0.1434
   -0.4772    1.1195
   -0.8974    0.2811
   -0.4330   -0.1785
   -0.0819    0.6599
   -2.0342    1.6208
   -0.1056    1.3486
   -1.2667   -0.0369
    0.3162   -0.3768
    0.4613    0.8705
    0.9485    1.8083
   -1.8146    0.5353
    0.4684    0.8067
   -1.4759    0.7866
    0.7880    0.4934
   -0.1589    0.9382
   -0.3169    1.6885
   -0.1553    1.1043
   -2.6320   -0.0594
   -2.2479    0.6048
   -1.4478    0.1302
    1.1200    0.7376
    0.5639    0.9109
   -1.7978    0.3912
   -1.0081    0.0492
   -1.3193   -0.1536
   -2.0115   -0.5051
    0.0055   -0.5387
   -1.5420    0.4316
    0.5273   -0.0940
   -0.8571    0.3555
   -1.0537    0.5364
   -1.0176   -0.7115
   -1.4192    1.1546
    0.7787    0.8544
    0.2985    0.7938
   -1.0117    1.0008
   -1.7581    0.3112
    1.0031    0.3945
    0.7677    0.5700
    1.0986   -0.1357
   -0.4742    0.3225
   -1.4672    0.4116
    0.1811    1.2838
    0.6083    0.6170
   -1.9991    0.1614
   -2.7772    1.6532
   -1.2438    0.9347
   -0.9258    0.2743
   -1.8964    0.3545
    0.8187    1.2236
   -0.0119   -0.4013
    0.4137    0.1248
   -0.8418   -0.2150
   -2.2299    0.2938
   -1.2247    0.2297
    0.2752    0.1306
    1.2569    0.1338
   -0.8256   -0.4562
   -1.8810    0.5862
   -2.1478    1.4290
   -2.2197    1.2110
   -0.3766   -0.3791
   -1.8182   -0.3226
   -0.3309    0.8288
   -1.1463   -1.2418
   -1.1080    1.2188
   -1.0595    1.8780
    0.1279    1.0859
   -0.4658    0.2843
   -1.4023    0.4512
    0.2722    1.3357
   -1.1232    0.4422
   -1.5756    0.0648
   -1.4675    1.4993
    0.0436    0.6401
   -0.0503   -0.4588
   -1.5815    0.1975
    3.9845    1.5217
   -0.9477    0.0962
   -2.1130    0.8890
   -1.8285    0.2321
   -0.9046   -1.0252
   -1.9503    0.9697
   -2.5421    0.2985
   -1.6562    0.8953
   -1.7682    0.4253
   -1.6594    0.0337
   -1.8602    0.0248
   -0.5944    1.4539


ans =

   -1.1655   -1.1054
   -2.3850   -0.8368
   -1.7270   -0.2717
   -1.7954   -1.4541
   -0.1762   -1.3527
   -0.9668   -2.4210
   -1.1045   -0.3918
   -1.2337   -1.5194
   -1.8558   -0.6223
   -1.0294   -2.6373
   -0.4598   -1.9420
   -1.8394   -0.8815
   -1.5185   -2.4545
   -0.6789   -1.0816
   -1.6915   -0.2134
   -0.6259   -2.9348
   -1.2134   -2.2129
   -2.0585   -1.6913
   -2.3051    0.2749
   -2.2378   -0.2654
   -1.8300   -1.8716
   -1.8407   -1.3580
   -2.2284   -0.7042
   -0.7164   -2.5494
   -2.7567   -0.3360
   -1.2850   -1.6546
   -1.6881   -1.8261
   -2.0731   -1.5142
   -1.1529   -1.2689
   -1.2345   -2.3476
   -0.9155   -1.1783
   -0.5788   -1.6894
   -1.0078   -0.8976
   -1.9615   -2.0305
   -2.3420   -1.2543
   -1.5088   -0.0753
   -0.0096   -1.2936
   -1.1814   -1.5816
   -2.0320   -1.3908
   -0.8857   -1.9228
   -1.5955   -0.8658
   -0.7990   -0.5834
   -1.1912    0.1649
   -2.6360   -1.0680
    0.1725   -1.9615
   -1.4312   -1.2697
   -0.9739    0.1281
   -1.8856   -0.2227
   -1.6009   -0.1068
   -1.7319   -1.5514
   -1.8581   -1.2328
   -2.2168   -0.5915
   -0.4538   -1.3760
   -2.0723   -0.9711
   -0.8617   -1.2256
   -2.4930   -1.0352
   -0.7453   -3.5675
   -1.5295   -0.3204
   -1.8932   -1.4493
   -2.2313   -0.2925
   -2.7199    0.1226
   -1.2586   -1.0871
   -1.9951   -1.1917
   -1.4063   -0.6572
   -2.6948   -0.4263
   -0.9045   -1.7304
   -2.4612   -1.0729
   -2.1500   -0.4528
   -1.0207   -1.7599
   -2.4337    0.7828
   -1.1334   -1.2904
   -1.3090   -1.4665
   -0.7522   -2.0426
   -1.8161   -1.0465
   -1.2797   -1.1841
   -0.2963   -0.3005
   -1.2282   -0.0842
   -1.0083   -2.4251
   -0.3334   -2.9564
   -1.1341   -1.5846
    0.5702   -1.0971
   -2.4430   -0.0533
   -1.7740   -1.6008
   -0.7587   -1.1116
   -2.2727    0.0244
   -2.2302   -1.1091
   -2.2415   -2.1120
   -0.9273   -0.8924
   -1.3281   -0.2241
   -1.7732   -0.6835
   -1.8234   -1.7177
   -0.8409   -2.6363
   -2.4833    1.0545
   -1.1512   -1.9642
   -1.5497   -0.9655
   -1.5570   -1.7954
   -1.9985    0.1145
   -2.2785   -0.0386
   -1.9843   -0.4815
   -0.0671   -2.1153
   -2.4455   -1.0390
   -2.3461   -1.2783
   -1.8291   -0.6763
   -1.9115   -2.5796
   -1.0068   -2.2136
   -1.8573   -0.8613
   -0.6038   -1.9736
   -1.4642   -1.2759
   -1.5819   -0.7878
   -0.6804   -1.4780
   -0.0888   -0.7908
   -1.2616   -2.0285
   -1.3999   -1.2706
   -1.0117   -1.8083
   -1.6138   -0.0264
   -1.6900   -1.6692
   -1.7132   -0.6977
   -0.0344   -0.8640
   -1.6470   -0.8702
   -1.2491   -1.0886
   -1.3136   -2.3535
   -1.5111   -0.0513
   -1.9267   -0.2557
   -2.8164   -0.3344
   -1.7841   -2.4708
   -2.1268   -1.1247
   -0.4477   -0.3716
   -3.0887   -2.3527
   -2.0412   -0.7931
   -2.5411    0.3117
   -1.5969   -0.8418
   -1.4189   -1.0181
   -1.2712   -1.0771
   -0.6384   -1.8694
   -0.8481   -1.4927
   -0.9493   -0.4630
   -1.0033   -2.2542
   -0.8961   -2.6154
   -2.3528   -0.3409
   -1.2694   -0.4189
   -1.6029   -1.1759
   -0.5839   -1.8987
   -2.4201   -1.2101
   -0.6388    0.1057
   -2.6260   -0.4608
   -2.0826   -1.6003
   -0.2773   -3.9367
   -1.1324   -1.2561
   -1.8664   -0.2470
   -0.8896   -1.6786
    0.2606   -3.9481
   -2.4043   -1.2996
   -0.6496    0.1042
   -1.8013   -0.8484
   -2.3230    0.1565
   -1.8705   -1.2841
   -2.3311   -0.3312
   -1.2187   -1.7233
   -1.8936   -1.1553
   -0.1247   -2.5607
   -1.3898   -2.2464
   -1.9063   -0.8531
   -1.2169   -1.3028
   -0.7405   -1.5228
    0.0613   -0.0566
   -1.7303   -2.6799
   -1.1898   -2.1507
   -0.4897   -1.5895
   -1.6152   -1.0144
   -1.3671   -0.5158
   -2.0010   -2.1023
   -1.9269   -1.5961
   -1.5270   -1.7109
   -1.2203   -0.3858
   -1.0663   -1.9731
   -0.3682   -3.2723
   -2.2097   -1.2768
   -1.6030   -1.1530
   -1.5152   -2.6314
   -0.9313   -0.6809
   -0.5015   -3.1061
   -1.2678   -0.0169
   -1.7056   -0.9164
   -0.5103   -2.6161
   -1.6228   -0.4166
   -1.7651   -1.7441
   -0.6337   -0.6272
   -1.4250   -1.3828
    0.0637   -1.0988
   -2.0409    0.0905
