# fig3d-CLKbad-LKCCbad
# 354
# x y
    4.3962    0.9220
    5.3947   -0.0111
    6.0990   -0.3867
    0.8113   -0.6974
    6.0220   -0.4824
    4.4006   -0.3072
    3.5421    0.0470
    4.3177    0.4572
    6.7566    1.5012
    2.5336    0.1673
    5.0846    0.5047
    2.1776   -0.8661
    4.9564   -0.0025
    1.6882    0.0678
    5.2022    0.0237
    6.6196    1.3733
    2.5226   -0.9557
    2.3015    0.7532
    3.9265   -0.1894
    7.0976    1.6153
    5.3902    0.2354
    4.5597    1.0362
    1.0712   -1.0361
    6.3093    1.5044
    1.9142   -1.2609
    2.4147    0.4452
    4.7064    1.1979
    4.0813    0.1624
    0.1138   -1.2481
    3.5666    0.2091
    5.1997    1.4017
    3.6754    0.8889
    4.4965   -0.1296
    1.8060   -0.0312
    5.8660    1.9514
    5.5681   -0.2227
    3.1148   -0.4187
    2.6313    0.3171
    5.9109    1.4229
    6.3848    1.6343
    5.3771    0.1698
    5.6073   -0.2811
    4.3893   -0.6844
    3.0015   -0.6432
    4.1659   -0.6845
    3.9459    0.7666
    2.6496    0.4546
    5.2166    0.9527
    4.3846    1.3029
    1.0699   -0.2503
    4.7039   -0.7064
    3.6760   -0.9677
    5.6240    0.6439
    2.7299   -0.0648
    2.8305   -0.9250
    4.4914    0.1845
    2.8059    0.4079
   -1.1332   -0.3029
    5.5791    1.2399
    6.3152    1.9831
    1.5660   -0.3245
    4.2586   -0.2575
    5.7960    1.4182
    5.2683    0.8731
    5.4133    0.0941
    6.7349    0.8746
    3.4277    0.0479
    4.5408    0.6157
    0.7133   -0.0532
    5.2510   -0.6927
    4.2255    0.5797
    1.9924    0.2423
    2.5425    0.4986
    3.9320   -0.3960
    2.7625    0.6585
    4.9226    0.1351
    3.7602    0.3471
    2.2534    0.7091
    1.5482   -0.4602
    5.4585    0.6661
    3.8217   -0.8244
    4.8022    0.2548
    4.3580    0.5736
    4.7687    0.4128
    3.6359    0.3260
    4.3111    1.0294
    3.6516   -0.1974
    0.9183   -0.7125
    3.4539   -0.4765
    1.1379   -0.9598
    4.3368   -0.3185
    5.8840    0.1565
    3.7242   -1.2875
    5.3062   -0.0951
    5.7851    0.8833
    5.9861    0.2132
    3.6260   -0.5996
    0.9779    0.3088
    5.7396    1.1302
    5.7914    0.8755
    3.6222    0.9026
    5.7909   -0.2607
    6.1277    1.3268
    2.3453    0.0555
    4.8811    0.9372
    5.1136    0.6055
    3.2972    0.6376
    2.5910    0.0068
    3.2401    0.0379
    1.6910   -1.7308
    3.8757   -0.9837
    4.8970    0.8032
    5.0110    0.6871
    4.5495    0.7136
    3.4589   -0.6613
    5.8334   -0.0631
    3.4785    0.3247
    1.8918    0.5224
    2.6274   -0.7505
    3.6933   -1.0487
    4.8314    0.4003
    5.1934    1.3501
    3.8506   -0.3327
    1.9575    0.6771
    2.0652    0.1913
    1.5704   -1.2227
    6.4052    0.8910
    5.1545    0.8722
    3.8010    0.0281
    6.4147    0.1669
    5.0747    0.4429
    3.4010   -0.1117
    3.2971    0.0853
    5.3593   -0.4232
    6.3664    0.4437
    5.1321    0.4567
    4.4873    1.4284
    5.2560    0.6886
    3.7875   -0.7042
    6.7077    1.9165
    4.2190    0.5775
    4.4464    0.1082
    4.4720    0.7995
    1.9916    0.1561
    1.4126   -1.3414
    5.2981    1.3348
    4.3909    0.1011
    5.3916    1.0229
    4.0829   -0.2572
    2.8968    0.4472
    4.7056    1.5581
    2.9173    0.3864
    6.3449    1.4031
    6.5147    0.8790
    4.3167   -0.7062
    1.3327   -0.3168
    5.7526    0.7206
    2.7145   -0.5493
    4.6230   -0.3358
    2.7078   -0.5090
    2.6304    0.3200
    5.2568    0.9503
    4.2795   -0.1698
    2.6490   -0.8184
    3.7944    0.6957
   -0.3411   -2.4312
    1.4612   -1.1541
    0.5191   -1.0826
   -0.7434   -2.1637
    0.6813   -2.0268
   -1.2759   -1.0872
   -0.7936   -0.6980
    0.3261   -1.9047
    1.2871   -0.3539
   -0.5108   -0.8282
   -0.7723   -1.3573
   -0.7226   -2.7571
    0.5634   -1.4476
   -1.3496   -1.4136
   -0.7178   -1.2127
    1.1084   -2.1776
   -0.0786   -2.7030
    0.2947   -1.2362
   -1.1761   -1.3926
    0.5442   -0.7998
   -1.4725   -1.3331
   -1.4357   -1.8147
    1.1269   -1.5356
   -1.3629   -1.8788
   -0.3736   -1.1172
   -1.0018   -0.5200
   -1.2763   -0.9381
   -1.3705   -0.6564
   -0.4851   -1.3682
    0.0837   -2.1286
    0.6999   -1.5745
    1.0815   -1.3733
    0.0259   -1.1109
   -0.3609   -1.2361
    0.1691   -1.1258
   -0.0123   -2.6300
   -0.2602   -0.8082
   -1.3973   -1.4147
    0.4660   -0.6125
    2.1027   -0.3816
   -0.0619   -1.9847
    0.6486   -0.3059
   -0.7381   -2.0005
   -0.2688   -1.5640
   -1.3731   -1.2322
   -1.9689   -0.3813
   -0.0275   -0.7521
   -0.3636   -1.9174
   -1.2033   -1.4549
    0.2859   -2.2476
   -0.0871   -2.9969
    1.0672   -0.9521
   -0.0949   -0.6884
   -0.6547   -0.5869
    2.0591   -0.6638
    1.9462   -0.8162
    0.3246   -1.6504
   -0.9980    0.0333
    1.4368   -0.7044
   -0.4945   -2.1203
   -1.0132   -2.2019
    0.8487   -0.6471
    0.9511   -1.7055
   -0.6051    0.0060
   -0.1166   -2.5949
    0.9723   -0.6597
    0.0308   -0.4632
   -1.4918   -1.5288
   -0.1837   -1.2179
    1.1754   -0.9312
   -0.1350   -1.4375
   -0.1881   -0.5745
   -1.3187   -0.8818
    1.3641   -0.9079
   -0.4395   -1.0879
   -0.2466   -1.3897
    0.6772   -1.7723
   -0.4618   -2.9858
   -0.4206   -0.8762
   -0.0831   -1.1083
   -1.0180   -1.3751
    2.3661   -0.2521
   -0.6647   -2.4144
    1.6485   -2.2662
    0.2099   -2.3555
   -0.1611   -1.8599
    0.9781   -1.2775
    1.5273   -0.9907
    0.1102   -0.8427
    1.8966   -1.6101
    1.2621   -2.3537
    0.9752   -2.0120
   -1.5322   -1.5885
   -1.3650   -0.1508
    2.0905    0.1797
    1.2701   -1.0117
   -0.2570   -1.1053
    0.3095   -1.6853
   -0.3544   -2.5676
   -1.0843   -1.7563
    0.4453   -1.0653
   -0.9529   -1.9437
    0.0968   -0.4353
   -0.6451   -2.0549
   -1.4736    0.4113
   -0.4263   -2.7749
    1.8687   -1.0685
   -0.1598   -2.0141
   -0.7423   -2.0051
   -0.7411   -0.7812
   -0.4743   -1.2984
   -0.3059   -0.3110
   -0.7013   -1.0238
    1.0673   -0.2992
   -0.8766   -1.2898
    1.0425    0.1698
    0.8426   -0.9083
   -0.4224   -1.5793
   -1.6645   -0.2551
    1.5914   -1.3798
   -0.0565   -0.3074
   -0.4005   -1.7153
    0.1890   -1.3936
   -0.2194   -0.4677
    0.4874   -0.4780
    1.2933   -1.8110
   -0.1522   -1.4231
   -0.6426   -1.7773
   -0.8281   -1.5887
    1.6775   -1.2146
    1.8350   -0.7724
   -1.0078   -1.9823
   -0.2337   -1.4035
   -1.0234   -1.2288
    0.8785   -1.5001
    0.4710   -2.2169
   -0.5398   -0.1817
    0.0033   -1.8083
   -0.7862   -1.4877
   -0.2016   -2.4388
   -1.6134   -1.1392
    0.6097   -1.8470
    1.7387   -1.3327
    0.2103   -0.5534
   -0.4994   -1.6420
   -1.7514   -2.0835
   -0.9681   -0.3101
    1.2194   -1.1683
   -0.7559   -1.8621
   -0.0067   -2.5684
    0.3698   -3.0587
    0.0465   -1.8480
    1.0179   -1.7084
    0.8110   -0.4691
   -1.6819   -1.1131
    1.7965   -1.2396
   -0.1967   -1.3303
   -0.0152   -0.9921
   -0.3170   -0.9190
   -0.2063   -1.5120
    0.1485   -0.4828
   -1.1291   -0.8453
   -0.9713   -1.1373
    1.5508   -1.0250
   -0.2937   -0.7785
    0.2370   -0.9050
    1.3500   -1.1951
    0.0485   -1.2850
    0.3289   -2.7445
   -0.6845   -1.2104
    1.5637   -1.2298
   -0.3970   -2.5149
   -1.2519   -0.1347
    1.1670   -2.0969
   -0.3056   -2.2594
   -0.2177   -0.6489
   -1.5702   -0.8831
   -1.5380   -0.0785
   -0.7904   -0.3581
   -1.0078   -0.8976
   -1.1334   -1.2904
   -1.1512   -1.9642
   -1.9985    0.1145
   -1.8573   -0.8613
   -1.0663   -1.9731
   -2.0409    0.0905
    0.8657   -0.0322
    0.5273   -0.0940
   -1.5815    0.1975
