# fig3c-CLKbad-LKCCgood
# 367
# x y
    2.5625   -0.6101
    2.8439    0.8981
    2.5178   -0.2858
    0.9440    0.5544
    2.2208   -0.5282
    2.6429   -1.3468
    0.4723    0.0623
    2.6893    1.1833
    3.8470    0.3703
    1.2744   -0.8163
    1.6184    0.4974
    1.2009    0.7343
    0.7315    0.3479
    1.2274    0.2824
    2.9443    0.4413
    2.4230   -0.0730
    0.9278   -0.8707
    1.8559   -0.8792
    2.4985    1.0156
    0.7474    0.1813
    1.9852   -0.4807
    0.9912    0.9542
    2.2834   -0.8179
    1.3960    0.6460
    1.8355    0.4611
    1.4568   -0.3757
    4.1347    1.5848
    5.3370   -0.0540
    2.5429    0.6198
    4.5217    1.0150
    2.3293    0.7680
    2.6610   -0.8273
    1.5322    0.3580
    1.5915   -0.0549
    1.0420   -0.8219
   -0.3698   -1.7076
    1.6535    0.3197
   -0.1470   -0.4500
    0.9210   -0.3960
    4.5475    1.0235
    5.4056    0.0093
    0.8192    0.5256
    1.2276    0.3768
    3.1136   -0.5296
   -0.6976    0.4430
    2.7059    0.5407
    2.7713   -0.1024
    4.0524    1.1201
    1.3952    0.9167
    2.6670    0.7199
    1.2351   -0.9912
    4.0740    0.0653
    2.5273    0.5801
    4.6287    0.8125
    2.2698    0.0868
    0.7496    0.1712
    1.9097    1.2116
    3.5966   -0.8241
    0.7007    0.5507
    1.9483   -0.0916
    1.3100    0.0442
    2.9896    0.2493
    1.6322   -0.1399
    2.8965   -0.7265
    0.6399    0.4934
    1.0943    0.7429
    2.7764   -0.7430
    2.4764   -0.8345
    4.1988    1.2270
    0.3972    0.2845
    1.4073   -1.3187
    3.2683    0.3271
    4.5981   -0.2079
   -1.4859   -0.1349
    1.6163    0.4075
    2.0329   -0.4051
    0.2121    0.3751
    3.9200    1.0221
    1.6267   -0.0467
    0.4539   -0.2330
    4.4957   -0.7707
    2.0496   -1.2839
    0.7712   -0.8814
    1.0506   -0.2935
    2.5889   -1.0822
    1.4190   -0.8630
    1.9762    0.3939
    3.1029    1.1738
    0.0275   -0.9108
    3.1093    1.5255
    1.9511    0.7794
    1.5759    1.0878
    1.8094   -0.6541
    1.3842    1.0373
    1.5204   -0.1365
   -0.9769    0.5602
    0.1348   -0.6950
    0.1745   -0.2410
    4.0086    1.2148
    1.6176    0.5778
    2.6969    0.3079
    1.2884   -1.1113
    1.2703   -0.1544
    0.5077    0.5193
    1.9588    0.3881
    2.0241    0.3304
    1.8107    0.2544
    1.3138    0.1811
    2.9014    0.0159
    1.8535    0.0517
    4.7504    1.3345
    1.1182    1.3736
    0.8525    0.8269
    3.6548   -0.6180
    1.8734    0.6953
    1.8969    1.9976
    1.1006   -0.1255
    2.5771   -0.4324
    2.7744    1.0632
    2.1824   -0.0645
    4.4201    0.3918
    2.8307   -1.5219
    2.3635    0.2243
    1.3352   -0.1148
    1.6739   -1.0983
    2.4814   -0.0154
    3.8207    0.6473
    2.2083   -1.0563
    3.1398    0.5746
    3.4109    0.3196
    2.0422    0.4059
    2.5867    1.1501
    0.2113    0.0514
   -0.6890   -0.1866
   -0.8147   -0.1623
    4.1148    0.3695
    1.3240    1.6767
    2.3267   -0.8163
    0.9057   -1.2173
    2.3016    1.2137
    0.6560   -1.2005
    2.1847    0.0864
    5.4282    0.4709
   -1.0330   -1.2929
    1.7435   -0.1348
    2.4467    0.2478
    2.7232    0.1889
    2.3730   -1.5808
    3.7481    0.9663
    1.6036   -1.0197
    0.4413   -0.0053
    1.1358   -1.5290
    4.9447    0.2356
    2.0181    0.0542
    1.6131   -0.0198
    0.5475    1.0145
    3.2746   -0.3046
    3.8993    1.3511
    1.7486   -0.7268
    2.9597   -0.5405
    3.5567    0.1614
    1.6166   -0.6244
    0.6962   -0.1787
    1.8001   -0.2337
    2.8118   -0.7892
    3.3664    0.0594
    0.1063    0.2506
    4.9208    1.1265
    0.2603    1.1265
    4.1033    0.1706
    2.9687    0.3757
    3.9049    2.0538
   -0.8609    0.2648
    3.9172    0.9862
    1.1053    1.0575
    4.3715    0.2430
    3.9990    1.6606
    1.9742    0.9899
    2.3524    0.8601
    3.3904    0.5227
    4.7297    0.6731
    4.2370    1.3894
    3.2446    1.2933
    0.8408    1.2652
    4.2865    0.5496
    2.8439    0.8981
   -1.3226    0.4179
   -2.6375    1.0481
   -1.0833   -0.1030
   -2.0136    0.7394
   -0.8989    0.5966
   -1.4282    0.8575
    1.1514   -0.1558
   -0.9031   -0.4792
   -2.3670    1.0702
   -0.8576    0.5058
   -1.9082    0.0244
    0.2363   -0.2258
   -0.7735    0.5254
   -1.6829    0.6347
   -1.8571   -0.4404
   -2.0172    1.3334
   -1.2425    0.2630
    0.2342    0.0763
   -0.6902    0.5444
   -1.8246    0.1936
    1.1014   -0.0392
    0.5666    1.0202
    0.2214    0.4721
   -1.3590   -0.4342
    0.3808   -0.0660
   -0.4227    0.5686
   -0.0157    1.2964
   -0.2832   -1.0721
   -1.9228    0.6459
   -0.7345    0.5460
    0.7102    0.3204
   -0.8475    0.9740
    0.0846    1.8717
    0.4250   -0.1876
   -1.5468   -0.0839
    0.8679   -0.3750
    0.9831    0.8587
   -1.1979    1.0298
   -1.5800    1.2325
   -2.2244    0.0914
    0.0926    0.5077
   -0.3606    0.5292
   -2.3864    0.9832
   -1.2094   -1.5997
   -1.3586    0.5173
   -1.2691    0.5890
    0.7212    0.2771
    0.1071    0.3587
    1.2914    0.8680
   -0.6474    1.8053
    0.7675    0.6387
   -2.0420    1.0352
   -1.9615    1.1451
   -1.4341    1.1464
   -1.9801    1.0223
   -0.8111   -0.0433
    0.7197   -0.2799
    0.8658    1.6277
   -0.3599    0.4584
    0.0227    0.1242
    1.5662    0.4752
   -1.0562   -0.0169
    1.2909    0.0950
   -0.7121    1.1988
   -0.5185   -0.0158
   -0.5220    0.2645
   -2.0029    0.6614
    0.1593   -0.4819
   -1.7379    0.8544
   -1.9451    0.3173
    1.0879    1.4918
   -0.2669   -0.2483
   -0.4083    0.9665
   -1.2288    1.6541
   -1.8849    0.2119
    0.6217    0.4659
    1.3172    0.1597
   -2.5138    0.7874
   -1.7455   -0.0717
    1.5832    0.8880
   -1.6026    0.3260
   -1.5141    0.0419
   -1.3492    0.6607
   -0.6648   -0.2028
   -0.1165    0.8745
    2.2931    0.8848
   -1.0430    0.4916
   -2.5910    1.1082
    1.3959    0.7051
   -1.7322    0.3990
    0.4727    1.9870
   -1.4230   -0.1504
    0.7771    0.1340
   -1.3171    1.1549
   -0.9072    0.3860
   -1.2724   -0.1434
   -0.4772    1.1195
   -0.8974    0.2811
   -0.4330   -0.1785
   -0.0819    0.6599
   -2.0342    1.6208
   -0.1056    1.3486
   -1.2667   -0.0369
    0.3162   -0.3768
    0.4613    0.8705
    0.9485    1.8083
   -1.8146    0.5353
    0.4684    0.8067
   -1.4759    0.7866
    0.7880    0.4934
   -0.1589    0.9382
   -0.3169    1.6885
   -0.1553    1.1043
   -2.6320   -0.0594
   -2.2479    0.6048
   -1.4478    0.1302
    1.1200    0.7376
    0.5639    0.9109
   -1.7978    0.3912
   -1.0081    0.0492
   -1.3193   -0.1536
    0.0055   -0.5387
   -1.5420    0.4316
   -0.8571    0.3555
   -1.0537    0.5364
   -1.0176   -0.7115
   -1.4192    1.1546
    0.7787    0.8544
    0.2985    0.7938
   -1.0117    1.0008
   -1.7581    0.3112
    1.0031    0.3945
    0.7677    0.5700
    1.0986   -0.1357
   -1.4672    0.4116
    0.1811    1.2838
    0.6083    0.6170
   -1.9991    0.1614
   -2.7772    1.6532
   -1.2438    0.9347
   -0.9258    0.2743
   -1.8964    0.3545
    0.8187    1.2236
   -0.0119   -0.4013
    0.4137    0.1248
   -0.8418   -0.2150
   -2.2299    0.2938
   -1.2247    0.2297
    0.2752    0.1306
    1.2569    0.1338
   -0.8256   -0.4562
   -1.8810    0.5862
   -2.1478    1.4290
   -2.2197    1.2110
   -0.3766   -0.3791
   -1.8182   -0.3226
   -0.3309    0.8288
   -1.1463   -1.2418
   -1.1080    1.2188
   -1.0595    1.8780
    0.1279    1.0859
   -0.4658    0.2843
   -1.4023    0.4512
    0.2722    1.3357
   -1.1232    0.4422
   -1.5756    0.0648
   -1.4675    1.4993
    0.0436    0.6401
   -0.0503   -0.4588
    3.9845    1.5217
   -0.9477    0.0962
   -2.1130    0.8890
   -1.8285    0.2321
   -0.9046   -1.0252
   -1.9503    0.9697
   -1.6562    0.8953
   -1.7682    0.4253
   -1.6594    0.0337
   -1.8602    0.0248
   -0.5944    1.4539
   -1.4282    0.8575
   