# fig3a-CLKgood-LKCCgood
# 330
# x y
   -4.2473    1.8722
   -3.4515    2.3501
   -3.4095    0.9734
   -3.3974    2.1226
   -3.8789    1.5957
   -3.5942    2.1477
   -3.4481    1.1900
   -3.1466    2.3293
   -2.6711    0.7531
   -4.4005    2.3477
   -3.4980    1.0597
   -3.3265    1.5232
   -3.6356    1.5921
   -4.2012    1.8115
   -2.5563    1.5795
   -4.0267    2.1328
   -3.3882    1.5901
   -3.7890    1.9416
   -3.1153    2.2523
   -3.4168    1.3547
   -3.6876    1.2401
   -3.5886    1.8223
   -3.8532    1.4756
   -3.6802    1.8995
   -3.7280    2.1384
   -2.2325    0.4182
   -3.0413    2.1265
   -3.0130    2.2818
   -3.1445    1.9338
   -3.6755    1.6222
   -4.3075    2.3752
   -2.3137    0.9347
   -3.8164    2.2690
   -3.7784    1.7730
   -3.1921    1.5299
   -4.0054    1.8600
   -2.6954    1.1677
   -3.3999    1.1515
   -2.9487    1.7517
   -3.6996    1.7984
   -3.8878    1.3117
   -3.5630    1.6788
   -3.3697    1.9993
   -3.9083    2.4204
   -4.0340    2.0554
   -4.1778    2.0390
   -3.6884    1.8385
   -3.9280    1.9164
   -2.4009    0.8773
   -3.7525    1.4473
   -3.5289    2.4281
   -3.8702    1.6717
   -2.7767    1.5481
   -4.2537    1.8748
   -3.8712    1.6968
   -3.7499    1.2274
   -2.8698    2.1807
   -3.8166    1.3926
   -2.6800    1.6905
   -3.6128    1.4712
   -3.1677    1.1061
   -4.0558    2.3265
   -3.3022    1.9577
   -3.4420    1.3706
   -3.0960    1.0145
   -3.6410    0.9846
   -3.7463    1.9343
   -3.1444    1.4714
   -4.0130    1.3971
   -2.6231    1.1149
   -3.5725    1.8808
   -3.5036    1.9802
   -3.9824    1.7082
   -3.6277    1.3210
   -3.6921    1.7434
   -3.9883    2.4515
   -4.1869    2.1972
   -3.7859    2.0957
   -4.1518    2.1851
   -3.3939    2.3947
   -3.0372    1.8431
   -3.7464    2.1540
   -3.4567    1.7834
   -4.3131    2.3416
   -3.7708    2.3717
   -4.4855    1.9600
   -3.5362    1.8862
   -3.4027    1.5761
   -4.1266    2.6472
   -3.6300    2.0388
   -3.1233    2.0279
   -3.3911    1.9454
   -3.8155    2.6188
   -3.7799    0.8016
   -4.0601    2.3418
   -3.4282    1.9241
   -3.1748    1.5952
   -4.0036    1.4868
   -3.1658    1.5560
   -4.0315    1.0546
   -4.1728    2.5712
   -3.9332    1.8717
   -3.5911    1.1861
   -3.3494    1.3505
   -3.7813    1.7864
   -4.2107    2.5160
   -3.4538    0.9551
   -3.0330    1.3846
   -2.8292    0.9044
   -3.6550    1.8621
   -3.6842    2.2965
   -1.9108    0.7461
   -3.9402    1.2700
   -3.6594    2.6663
   -3.1658    2.3850
   -3.5246    2.3884
   -3.1509    1.1370
   -3.8083    2.1532
   -2.8854    1.2964
   -2.9359    1.2584
   -3.1645    1.6389
   -0.0835    1.6858
   -2.5789    1.0882
   -4.0660    1.3694
   -2.8398    1.0697
   -3.4445    2.2758
   -3.4634    1.8231
   -4.0403    2.3015
   -3.7976    1.9250
   -2.8413    1.8550
   -3.3254    2.2203
   -2.9120    1.5420
   -3.6390    1.9058
   -2.6390    1.9010
   -3.5847    1.9938
   -4.2119    1.4559
   -3.2567    1.9064
   -4.0307    1.6183
   -2.9363    0.7919
   -3.9906    1.7829
   -2.9751    1.3611
   -3.0367    0.7192
   -3.5918    2.2134
   -3.5292    1.2295
   -3.6987    2.2360
   -3.3742    2.1314
   -3.5199    1.5986
   -3.2862    1.0864
   -3.2091    1.5742
   -3.0957    1.4653
   -3.7094    0.8773
   -3.1064    2.2441
   -3.0760    1.1917
   -2.9328    2.0104
   -2.9706    1.4773
   -3.6869    2.2797
   -3.1452    1.6970
   -3.3768    1.4121
   -1.5132    0.0745
   -3.5000    1.5751
   -3.9139    1.6625
   -3.5958    2.2302
   -3.8563    1.6450
   -3.7935    1.9851
   -3.3870    0.8624
   -3.9462    2.1413
   -3.4383    0.9037
   -3.7241    1.4517
   -4.3570    2.3961
   -3.5573    2.3384
   -4.2255    2.6677
   -2.5412    0.6881
   -3.3049    1.2416
   -3.9045    1.3009
   -3.3435    1.5290
   -3.7152    1.8830
   -3.4973    1.6122
   -3.1167    1.2156
   -3.8884    2.0389
   -3.9478    1.3014
   -1.4426    1.3306
   -2.3743    1.2849
    0.1025    1.6827
   -0.6767    1.3752
   -1.1586    0.9919
    0.0883    1.6148
   -1.3585    0.0163
   -1.2418    0.5582
   -1.1192    1.2725
   -2.2909    1.3338
   -1.9542    0.5238
   -1.3348    0.4525
    0.5981    0.5107
   -0.3120    1.1062
   -0.7988    1.0941
    0.2170    0.7397
    1.3235    1.0539
   -1.8619    0.2339
    0.3554   -0.2096
   -2.1725    0.4907
    0.1446    0.9971
   -0.9799    1.8276
   -1.9309    1.1695
   -0.3538    0.1554
   -0.5807    0.6290
   -2.4395    1.1937
   -1.9491    1.2174
   -0.5705    1.2684
   -0.8831    0.2561
   -2.6204    1.2825
   -1.8697    0.7887
   -1.2546    0.4478
    0.5707    0.7761
   -2.6632    0.5866
   -0.1251    1.1864
   -1.5461    0.0212
   -1.4452    1.2245
   -0.8620    1.0974
   -2.6017    1.0551
   -1.6779    0.1223
   -1.9951    0.7854
   -0.8027    0.7545
   -2.2394    0.4351
   -0.0181    1.1743
   -2.0139    0.4022
   -0.0476    1.8327
   -0.8293   -0.1206
   -0.9744    1.6254
    0.2871    1.4417
   -1.0599    1.2449
    0.3868    1.0979
   -2.2131    1.1576
   -1.8530    0.7616
    0.3582    0.9645
   -2.6934    0.6855
   -2.1596    1.5412
   -0.9495    1.7208
   -1.5566    0.2812
   -1.8169    0.5670
    0.0743    0.5504
   -0.6897    0.6228
   -1.6734    0.3614
   -1.6742    1.4143
    0.5734    0.6964
   -1.4674    1.1134
   -1.6692    1.5059
   -1.5375    0.6185
   -0.5334    1.3264
   -0.9335    0.8346
   -0.4620    1.4227
   -0.5846    0.9565
   -1.6052    0.6260
   -1.2734    1.4506
   -2.1713    1.2783
   -2.0621    0.3983
   -2.4287    1.0655
   -1.2602    0.7937
   -1.7222    0.5196
    0.7187    0.6397
    0.7281    0.5494
   -0.9544    0.1239
   -0.1063    0.6763
   -1.4444    0.5140
   -1.4841    0.0453
   -1.1840    0.4013
    0.1482    1.6406
   -1.0482    1.1959
   -2.2074    0.8390
   -1.3262    0.9954
   -1.2703    1.2547
   -1.6660    1.0392
   -2.7937    1.0319
    0.4269    0.7661
   -0.4268    0.6394
   -2.0708    0.4894
    0.1254   -0.2938
    0.1994    0.4916
   -1.3608    0.6229
   -0.3587    0.0922
   -0.6695    0.9054
   -1.6433    1.0248
   -1.2405    0.4937
   -1.5592    0.7125
   -0.7937    0.5769
   -2.7321    1.2961
   -0.2840    1.5615
   -1.7354    0.4959
   -0.2522    0.9495
   -1.6459    0.8156
   -2.5590    0.7218
    1.5598    0.8576
    0.4098   -0.2874
   -0.2017    0.2339
    0.0993   -0.1797
   -1.7975    0.4531
    0.6896    0.8026
   -1.4637    0.5062
    0.0263    1.4082
   -1.1510    1.5670
   -1.3224    1.2882
   -1.4753    0.4033
    0.2069    0.5537
   -1.1731    0.5879
   -2.1626    0.7218
   -0.9827    1.7536
   -1.9261    1.3054
   -0.4246    0.6438
   -1.2384    1.2402
   -0.5057    0.2905
   -0.8986    0.9050
   -1.5701    1.2304
   -2.0685    0.9925
   -0.9284    1.3133
   -1.9865    0.5805
   -0.8623    0.9964
    0.4341    0.9665
    0.2421    0.4590
    1.5257    0.9062
   -2.3915    1.0521
   -1.9707    0.3961
   -1.3780   -0.0600
   -0.3361    0.9551
    0.3308    1.6486
   -2.4491    1.2026
    0.5078    0.7100
   -1.8997    1.0383
   -0.9267    0.5107
   -1.2618    0.5533
   -1.8190    0.2758
   -0.4742    0.3225
