# fig4b-hull-1
# 154
# x y
    0.4098   -0.2874
    1.5598    0.8576
    1.5257    0.9062
    1.3235    1.0539
    0.1482    1.6406
    0.0883    1.6148
    0.0263    1.4082
   -0.1251    1.1864
   -0.0181    1.1743
    0.1446    0.9971
    0.3582    0.9645
    0.4269    0.7661
    0.5078    0.7100
    0.5734    0.6964
    0.5981    0.5107
    0.7281    0.5494
    0.7187    0.6397
    0.6896    0.8026
    0.5707    0.7761
    0.4341    0.9665
    0.3868    1.0979
    0.2871    1.4417
    0.3308    1.6486
   -0.0476    1.8327
   -0.0835    1.6858
   -0.2840    1.5615
   -0.4620    1.4227
   -0.6767    1.3752
   -0.9744    1.6254
   -0.9495    1.7208
   -0.9827    1.7536
   -0.9799    1.8276
   -1.1510    1.5670
   -1.2734    1.4506
   -1.6692    1.5059
   -2.1596    1.5412
   -2.6390    1.9010
   -2.8698    2.1807
   -3.0130    2.2818
   -3.1466    2.3293
   -3.1658    2.3850
   -3.3939    2.3947
   -3.5289    2.4281
   -3.5246    2.3884
   -3.5573    2.3384
   -3.6842    2.2965
   -3.6869    2.2797
   -3.6987    2.2360
   -3.7708    2.3717
   -3.9083    2.4204
   -3.9883    2.4515
   -4.0601    2.3418
   -4.0558    2.3265
   -4.0403    2.3015
   -3.8164    2.2690
   -3.8083    2.1532
   -3.7464    2.1540
   -3.7280    2.1384
   -3.5942    2.1477
   -3.5918    2.2134
   -3.5958    2.2302
   -3.4515    2.3501
   -3.4445    2.2758
   -3.3254    2.2203
   -3.3742    2.1314
   -3.3974    2.1226
   -3.3697    1.9993
   -3.3911    1.9454
   -3.4282    1.9241
   -3.5036    1.9802
   -3.5847    1.9938
   -3.6300    2.0388
   -3.7859    2.0957
   -3.9462    2.1413
   -4.0267    2.1328
   -4.0340    2.0554
   -3.8884    2.0389
   -3.7935    1.9851
   -3.7890    1.9416
   -3.7976    1.9250
   -3.9280    1.9164
   -3.9332    1.8717
   -3.7463    1.9343
   -3.6802    1.8995
   -3.6390    1.9058
   -3.5725    1.8808
   -3.5362    1.8862
   -3.4634    1.8231
   -3.4567    1.7834
   -3.5886    1.8223
   -3.6550    1.8621
   -3.7152    1.8830
   -3.7813    1.7864
   -3.7784    1.7730
   -3.6996    1.7984
   -3.6884    1.8385
   -3.5630    1.6788
   -3.4973    1.6122
   -3.5000    1.5751
   -3.5199    1.5986
   -3.6921    1.7434
   -3.8712    1.6968
   -3.8702    1.6717
   -3.8563    1.6450
   -3.9139    1.6625
   -3.9906    1.7829
   -4.0054    1.8600
   -4.1778    2.0390
   -4.1518    2.1851
   -4.1869    2.1972
   -4.2107    2.5160
   -4.1728    2.5712
   -3.6594    2.6663
   -3.8155    2.6188
   -4.1266    2.6472
   -4.2255    2.6677
   -4.3570    2.3961
   -4.4005    2.3477
   -4.4855    1.9600
   -4.2537    1.8748
   -4.2473    1.8722
   -4.2012    1.8115
   -4.2119    1.4559
   -4.0036    1.4868
   -4.0130    1.3971
   -4.0660    1.3694
   -4.0315    1.0546
   -3.7799    0.8016
   -3.0367    0.7192
   -2.9363    0.7919
   -2.6711    0.7531
   -2.6934    0.6855
   -2.6632    0.5866
   -2.5590    0.7218
   -2.5412    0.6881
   -2.1725    0.4907
   -2.2394    0.4351
   -2.2325    0.4182
   -2.0621    0.3983
   -2.0139    0.4022
   -1.9707    0.3961
   -1.8619    0.2339
   -1.8190    0.2758
   -1.6779    0.1223
   -1.5461    0.0212
   -1.4841    0.0453
   -1.3780   -0.0600
   -1.3585    0.0163
   -0.8831    0.2561
   -0.9544    0.1239
   -0.8293   -0.1206
    0.0993   -0.1797
    0.1254   -0.2938
    0.4098   -0.2874
