# fig4b-hull-4
# 77
# x y
    7.0976    1.6153
    6.7077    1.9165
    6.3152    1.9831
    5.8660    1.9514
    5.2981    1.3348
    5.1934    1.3501
    5.1997    1.4017
    4.7056    1.5581
    4.4873    1.4284
    4.3846    1.3029
    4.3962    0.9220
    4.3111    1.0294
    3.9459    0.7666
    3.6754    0.8889
    3.6222    0.9026
    3.2972    0.6376
    2.8968    0.4472
    2.8059    0.4079
    2.7625    0.6585
    2.3015    0.7532
    2.2534    0.7091
    1.9575    0.6771
    1.8918    0.5224
    0.9779    0.3088
    1.0425    0.1698
    0.8657   -0.0322
    0.7133   -0.0532
    0.5273   -0.0940
   -0.6051    0.0060
   -0.9980    0.0333
   -1.4736    0.4113
   -1.5815    0.1975
   -1.9985    0.1145
   -2.0409    0.0905
   -1.9689   -0.3813
   -1.8573   -0.8613
   -1.6819   -1.1131
   -1.6134   -1.1392
   -1.4725   -1.3331
   -1.4918   -1.5288
   -1.5322   -1.5885
   -1.4357   -1.8147
   -1.3629   -1.8788
   -1.7514   -2.0835
   -0.7226   -2.7571
   -0.4618   -2.9858
   -0.0871   -2.9969
    0.3698   -3.0587
    0.3289   -2.7445
    1.1084   -2.1776
    1.1670   -2.0969
    1.2621   -2.3537
    1.6485   -2.2662
    1.6910   -1.7308
    1.8966   -1.6101
    3.7242   -1.2875
    3.8757   -0.9837
    3.8217   -0.8244
    3.7875   -0.7042
    4.1659   -0.6845
    4.3167   -0.7062
    4.3893   -0.6844
    4.7039   -0.7064
    5.2510   -0.6927
    5.3593   -0.4232
    5.5681   -0.2227
    5.6073   -0.2811
    5.7909   -0.2607
    6.0220   -0.4824
    6.0990   -0.3867
    6.4147    0.1669
    6.3664    0.4437
    6.4052    0.8910
    6.5147    0.8790
    6.7349    0.8746
    6.6196    1.3733
    7.0976    1.6153
