# fig4b-hull-2
# 62
# x y
   -1.9615   -2.0305
   -1.5185   -2.4545
   -1.3136   -2.3535
   -1.2345   -2.3476
   -1.0294   -2.6373
   -0.8961   -2.6154
   -0.8409   -2.6363
   -0.7165   -2.5494
   -0.5103   -2.6161
   -0.7522   -2.0426
   -0.6038   -1.9736
   -0.4598   -1.9420
   -0.5788   -1.6894
   -0.4896   -1.5895
   -0.4538   -1.3760
   -0.8617   -1.2256
   -0.9155   -1.1783
   -0.7587   -1.1116
   -0.6789   -1.0816
   -0.9273   -0.8924
   -0.9313   -0.6809
   -0.7990   -0.5835
   -0.9493   -0.4630
   -1.1045   -0.3918
   -1.2203   -0.3858
   -1.2694   -0.4189
   -1.3281   -0.2241
   -0.9739    0.1281
   -1.2282   -0.0842
   -1.2678   -0.0169
   -1.5295   -0.3204
   -1.7270   -0.2717
   -1.6915   -0.2134
   -1.6009   -0.1068
   -1.5088   -0.0753
   -1.5111   -0.0513
   -1.6138   -0.0264
   -1.8664   -0.2470
   -1.8856   -0.2227
   -1.9267   -0.2557
   -2.2785   -0.0386
   -2.2727    0.0244
   -2.3051    0.2749
   -2.3230    0.1565
   -2.4430   -0.0533
   -2.2378   -0.2654
   -2.2313   -0.2925
   -2.3311   -0.3312
   -2.3528   -0.3409
   -2.3850   -0.8368
   -2.4930   -1.0352
   -2.4612   -1.0729
   -2.6360   -1.0680
   -2.4201   -1.2101
   -2.4043   -1.2996
   -2.3420   -1.2543
   -2.3461   -1.2783
   -2.2097   -1.2768
   -2.0320   -1.3908
   -2.0731   -1.5142
   -2.0826   -1.6003
   -1.9615   -2.0305
