# fig4b-hull-3
# 80
# x y
    2.3730   -1.5808
    2.8307   -1.5219
    3.5966   -0.8241
    3.6548   -0.6180
    4.4957   -0.7707
    5.3370   -0.0540
    5.4056    0.0093
    5.4282    0.4709
    4.9208    1.1265
    4.7504    1.3345
    4.1988    1.2270
    4.2370    1.3894
    4.1347    1.5848
    3.9990    1.6606
    3.9049    2.0538
    3.2446    1.2933
    3.1093    1.5255
    2.7744    1.0632
    2.6893    1.1833
    2.5867    1.1501
    2.3016    1.2137
    1.9097    1.2116
    1.5759    1.0878
    1.3842    1.0373
    1.3952    0.9167
    1.5832    0.8880
    1.9742    0.9899
    2.2931    0.8848
    2.3524    0.8601
    2.3293    0.7680
    2.4985    1.0156
    2.8439    0.8981
    1.8969    1.9976
    1.3240    1.6767
    0.9485    1.8083
    0.8658    1.6277
    1.0879    1.4918
    1.1182    1.3736
    0.8408    1.2652
    0.8187    1.2236
    0.4727    1.9870
    0.0846    1.8717
   -0.3169    1.6885
   -0.6474    1.8053
   -1.0595    1.8780
   -1.2288    1.6541
   -1.4675    1.4993
   -1.5800    1.2325
   -2.0342    1.6208
   -2.1478    1.4290
   -2.2197    1.2110
   -2.0420    1.0352
   -1.9801    1.0223
   -1.9503    0.9697
   -1.9615    1.1451
   -2.0172    1.3334
   -2.7772    1.6532
   -2.3670    1.0702
   -2.3864    0.9832
   -2.5910    1.1082
   -2.6375    1.0481
   -2.5138    0.7874
   -2.2479    0.6048
   -2.2299    0.2938
   -2.2244    0.0914
   -2.6320   -0.0594
   -1.8182   -0.3226
   -1.8571   -0.4404
   -1.3590   -0.4342
   -1.0176   -0.7115
   -1.2094   -1.5997
   -1.1463   -1.2418
   -1.0330   -1.2929
   -0.9046   -1.0252
   -0.3698   -1.7076
    0.6560   -1.2005
    0.9057   -1.2173
    1.1358   -1.5290
    1.4073   -1.3187
    2.3730   -1.5808
