# fig5-sizes-clk
# 151
# x y1 y2 y3
    1.0000         0         0         0
    1.0033         0         0         0
    1.0067   11.4300         0         0
    1.0100   20.9050    5.1639         0
    1.0133   25.1281   10.7284    1.4560
    1.0167   25.1828   10.7284    1.7729
    1.0200   26.0082   12.1085    1.7650
    1.0233   28.9273   12.4819    1.9731
    1.0267   32.4628   12.4819    2.2830
    1.0300   38.3274   12.4819    2.2830
    1.0333   39.5109   12.4819    2.2179
    1.0367   39.7469   12.4819    2.0601
    1.0400   42.5435   12.4819    2.0480
    1.0433   45.1880   13.2577    2.0480
    1.0467   45.1901   13.2577    2.0480
    1.0500   45.2717   13.2577    2.0557
    1.0533   45.2717   16.4874    2.0557
    1.0567   45.2717   16.4874    2.0679
    1.0600   45.2398   16.4874    2.2648
    1.0633   44.9785   16.4874    2.2651
    1.0667   45.0297   17.4751    2.0375
    1.0700   45.0297   17.5709    2.0375
    1.0733   47.2266   17.9709    1.5653
    1.0767   47.2567   17.9709    1.5653
    1.0800   47.0524   17.9354    1.4716
    1.0833   47.0524   19.0242    1.4716
    1.0867   47.1486   19.0242    1.2823
    1.0900   47.1486   19.0242    1.2823
    1.0933   49.4873   19.1545         0
    1.0967   49.4873   19.1545         0
    1.1000   49.4873   19.2566         0
    1.1033   49.4873   19.0899         0
    1.1067   49.4873   18.7866         0
    1.1100   49.4873   18.7625         0
    1.1133   49.4873   18.7625         0
    1.1167   49.4873   18.7625         0
    1.1200   49.4873   18.7625         0
    1.1233   49.4873   18.7625         0
    1.1267   49.4873   18.7625         0
    1.1300   49.4873   18.7625         0
    1.1333   49.4873   18.2375         0
    1.1367   49.4873   18.2375         0
    1.1400   49.4873   18.2375         0
    1.1433   49.4873   18.2375         0
    1.1467   49.4873   18.2375         0
    1.1500   49.4873   18.2375         0
    1.1533   49.4873   18.2375         0
    1.1567   49.4873   18.2375         0
    1.1600   49.8973   17.6537         0
    1.1633   49.8973   17.6537         0
    1.1667   49.8973   15.5855         0
    1.1700   49.8973   15.2031         0
    1.1733   49.8973   14.3020         0
    1.1767   49.8973   14.3020         0
    1.1800   49.8973   14.3020         0
    1.1833   49.8973   14.3020         0
    1.1867   49.8973   13.6465         0
    1.1900   49.8973   13.2680         0
    1.1933   49.8973   12.9577         0
    1.1967   49.8973   11.9104         0
    1.2000   49.8973   11.9104         0
    1.2033   49.8973   11.9104         0
    1.2067   49.8973   11.9104         0
    1.2100   49.8973   11.9104         0
    1.2133   49.8973   11.0347         0
    1.2167   49.8973   11.0347         0
    1.2200   49.8973   11.0347         0
    1.2233   58.2718   11.0347         0
    1.2267   58.2718   11.0347         0
    1.2300   58.2718   11.0347         0
    1.2333   58.2718   10.7935         0
    1.2367   58.2718   10.7935         0
    1.2400   58.2718   10.7935         0
    1.2433   58.2718    9.5278         0
    1.2467   58.2718    9.3069         0
    1.2500   58.2718    9.3069         0
    1.2533   58.2718    9.3069         0
    1.2567   58.2718    9.3069         0
    1.2600   58.2718    9.2792         0
    1.2633   58.2718    9.2792         0
    1.2667   58.2718    9.2792         0
    1.2700   58.2718    9.2792         0
    1.2733   58.2718    8.3766         0
    1.2767   58.2718    8.3766         0
    1.2800   58.2718    8.3766         0
    1.2833   58.2718    8.1673         0
    1.2867   58.2718    8.1673         0
    1.2900   58.2718    6.7967         0
    1.2933   58.2718    6.7967         0
    1.2967   58.2718    6.7967         0
    1.3000   58.2718    6.7967         0
    1.3033   58.2718    6.2418         0
    1.3067   58.2718    6.2418         0
    1.3100   58.2718    6.2418         0
    1.3133   58.2718    6.2418         0
    1.3167   58.2718    6.2418         0
    1.3200   58.2718    6.1913         0
    1.3233   58.2718    6.1913         0
    1.3267   58.9105    6.1913         0
    1.3300   60.8301    6.1913         0
    1.3333   60.8301    5.8146         0
    1.3367   61.0434    5.8146         0
    1.3400   61.0434    5.8146         0
    1.3433   61.0434    5.8146         0
    1.3467   61.0434    5.8146         0
    1.3500   61.0434    5.8146         0
    1.3533   61.0434    5.8146         0
    1.3567   61.0434    5.8146         0
    1.3600   61.1020    5.8146         0
    1.3633   61.1020    5.8146         0
    1.3667   61.1020    5.6356         0
    1.3700   61.1020    5.1482         0
    1.3733   61.1020    5.1482         0
    1.3767   61.1857    5.1482         0
    1.3800   61.1857    5.1482         0
    1.3833   61.1857    4.8380         0
    1.3867   61.4417    4.8380         0
    1.3900   61.4417    4.8380         0
    1.3933   61.4417    4.8380         0
    1.3967   61.4417    4.8380         0
    1.4000   61.4417    4.8380         0
    1.4033   68.5008    3.9098         0
    1.4067   68.5008    3.9098         0
    1.4100   68.5008    2.8578         0
    1.4133   68.5008    2.8578         0
    1.4167   68.5008    2.8578         0
    1.4200   68.5008    2.8578         0
    1.4233   68.5008    2.8578         0
    1.4267   68.5008    2.8578         0
    1.4300   68.5008    2.8578         0
    1.4333   68.5008    2.8578         0
    1.4367   68.5008    1.6413         0
    1.4400   68.5008    0.9674         0
    1.4433   68.5008    0.9674         0
    1.4467   68.5008    0.9674         0
    1.4500   68.5008    0.9674         0
    1.4533   68.5008    0.9674         0
    1.4567   68.5008    0.9674         0
    1.4600   68.5008    0.9674         0
    1.4633   76.6847    0.9674         0
    1.4667   76.6847    0.9674         0
    1.4700   76.6847    0.9674         0
    1.4733   76.6847    0.9674         0
    1.4767   76.6847    0.9674         0
    1.4800   76.6847    0.9674         0
    1.4833   76.6847    0.9674         0
    1.4867   76.6847    0.9674         0
    1.4900   76.6847    0.9674         0
    1.4933   76.6847         0         0
    1.4967   76.6847         0         0
    1.5000   76.6847         0         0
