# fig6-sizes-lkcc
# 151
# x y1 y2 y3
    1.0000         0         0         0
    1.0033   39.6706   39.6706    3.2674
    1.0067   35.6761   32.8824         0
    1.0100   36.8276   31.8634         0
    1.0133   36.8276   31.8634         0
    1.0167   44.1029   39.1387         0
    1.0200   44.1029   39.1387         0
    1.0233   44.3840   39.1387         0
    1.0267   42.8612   39.0308         0
    1.0300   41.7280   36.2578         0
    1.0333   43.8308   42.8749    0.5534
    1.0367   44.4432   41.1234    0.5534
    1.0400   44.3535   37.6459         0
    1.0433   45.6875   35.0780         0
    1.0467   53.7009   40.5440    4.9084
    1.0500   55.1911   40.5147    5.9438
    1.0533   57.6129   41.4113   13.4830
    1.0567   59.7037   40.1050   13.1066
    1.0600   59.5791   40.0469   13.1066
    1.0633   59.7821   40.0469   13.1066
    1.0667   60.2849   40.0469   13.6410
    1.0700   60.2849   40.0469   16.9823
    1.0733   62.9766   40.0469   17.6106
    1.0767   62.9766   40.0469   17.6106
    1.0800   63.5054   40.0469   17.9245
    1.0833   63.5054   40.0469   17.9245
    1.0867   63.7908   40.0469   17.9245
    1.0900   63.8117   40.0469   17.9454
    1.0933   67.1391   40.0469   17.6518
    1.0967   67.1391   40.0469   17.6518
    1.1000   67.1391   40.0469   17.6518
    1.1033   67.1391   40.0469   17.6518
    1.1067   67.1391   40.0469   17.6518
    1.1100   67.1391   40.0469   17.6518
    1.1133   67.1391   40.0469   17.6518
    1.1167   67.1391   40.0469   17.6518
    1.1200   67.1391   40.0469   17.6518
    1.1233   67.1391   40.0469   17.6518
    1.1267   67.1391   40.0469   17.6518
    1.1300   67.1391   40.0469   17.6518
    1.1333   67.1391   40.0469   17.6518
    1.1367   67.1391   40.0469   17.6518
    1.1400   67.1391   40.0469   17.6518
    1.1433   67.1391   40.0469   17.6518
    1.1467   67.1391   40.0469   17.6518
    1.1500   67.1391   40.0469   17.6518
    1.1533   67.1391   40.0469   17.6518
    1.1567   67.1391   40.0469   17.6518
    1.1600   67.5490   40.0469   17.6518
    1.1633   67.5490   40.0469   17.6518
    1.1667   67.5490   40.0469   17.6518
    1.1700   67.5490   40.0469   17.6518
    1.1733   67.5490   40.0469   17.6518
    1.1767   67.5490   40.0469   17.6518
    1.1800   67.5490   40.0469   17.6518
    1.1833   67.5490   40.0469   17.6518
    1.1867   67.5490   40.0469   17.6518
    1.1900   67.5490   40.0469   17.6518
    1.1933   67.5490   40.0469   17.6518
    1.1967   67.5490   40.0469   17.6518
    1.2000   67.5490   40.0469   17.6518
    1.2033   67.5490   40.0469   17.6518
    1.2067   67.5490   40.0469   17.6518
    1.2100   67.5490   40.0469   17.6518
    1.2133   67.5490   40.0469   17.6518
    1.2167   67.5490   40.0469   17.6518
    1.2200   67.5490   40.0469   17.6518
    1.2233   68.9835   37.1112   10.7117
    1.2267   68.9835   37.1112   10.7117
    1.2300   68.9835   37.1112   10.7117
    1.2333   68.9835   37.1112   10.7117
    1.2367   68.9835   37.1112   10.7117
    1.2400   68.9835   37.1112   10.7117
    1.2433   68.9835   37.1112   10.7117
    1.2467   68.9835   37.1112   10.7117
    1.2500   68.9835   37.1112   10.7117
    1.2533   68.9835   37.1112   10.7117
    1.2567   68.9835   37.1112   10.7117
    1.2600   68.9835   37.1112   10.7117
    1.2633   68.9835   37.1112   10.7117
    1.2667   68.9835   37.1112   10.7117
    1.2700   68.9835   37.1112   10.7117
    1.2733   68.9835   37.1112   10.7117
    1.2767   68.9835   37.1112   10.7117
    1.2800   68.9835   37.1112   10.7117
    1.2833   68.9835   37.1112   10.7117
    1.2867   68.9835   37.1112   10.7117
    1.2900   68.9835   37.1112   10.7117
    1.2933   68.9835   37.1112   10.7117
    1.2967   68.9835   37.1112   10.7117
    1.3000   68.9835   37.1112   10.7117
    1.3033   68.9835   37.1112   10.7117
    1.3067   68.9835   35.4757   10.7117
    1.3100   68.9835   35.4757   10.7117
    1.3133   68.9835   35.4757   10.7117
    1.3167   68.9835   35.4757   10.7117
    1.3200   68.9835   35.4757   10.7117
    1.3233   68.9835   35.4757   10.7117
    1.3267   68.7992   32.0630    9.8887
    1.3300   68.9294   32.0630    8.0993
    1.3333   68.9294   32.0630    8.0993
    1.3367   69.1097   32.0630    8.0663
    1.3400   69.1097   32.0630    8.0663
    1.3433   69.1097   29.0988    8.0663
    1.3467   69.1097   27.0467    8.0663
    1.3500   69.1097   26.9868    8.0663
    1.3533   69.1097   26.9868    8.0663
    1.3567   69.1097   26.9868    8.0663
    1.3600   68.5537   26.9234    7.4517
    1.3633   68.5537   26.9234    7.4517
    1.3667   68.5537   26.5659    7.4517
    1.3700   68.5537   26.5659    7.4517
    1.3733   68.5537   26.2592    7.4517
    1.3767   68.3878   26.2592    7.2021
    1.3800   68.3878   23.6022    7.2021
    1.3833   68.3878   22.4662    7.2021
    1.3867   65.8966   21.6985    4.4549
    1.3900   65.8966   20.5970    4.4549
    1.3933   65.8966   20.5970    4.4549
    1.3967   65.8966   20.5970    4.4549
    1.4000   65.8966   20.5970    4.4549
    1.4033   68.5008   18.0881         0
    1.4067   68.5008   18.0881         0
    1.4100   68.5008   18.0881         0
    1.4133   68.5008   16.6741         0
    1.4167   68.5008   16.6741         0
    1.4200   68.5008   16.6741         0
    1.4233   68.5008   16.2399         0
    1.4267   68.5008   16.2399         0
    1.4300   68.5008   16.2399         0
    1.4333   68.5008   15.3587         0
    1.4367   68.5008   15.3587         0
    1.4400   68.5008   15.3587         0
    1.4433   68.5008   15.3587         0
    1.4467   68.5008   15.3587         0
    1.4500   68.5008   12.5384         0
    1.4533   68.5008   12.5384         0
    1.4567   68.5008   12.5384         0
    1.4600   68.5008   11.0800         0
    1.4633   76.6847    7.5967         0
    1.4667   76.6847    5.3745         0
    1.4700   76.6847    5.3745         0
    1.4733   76.6847    3.9044         0
    1.4767   76.6847    3.9044         0
    1.4800   76.6847    2.4198         0
    1.4833   76.6847    2.4198         0
    1.4867   76.6847    2.2248         0
    1.4900   76.6847    2.2248         0
    1.4933   76.6847    2.2248         0
    1.4967   76.6847    2.2248         0
    1.5000   76.6847    2.2248         0
